date,open,max,min,close,volume,y
20070816,29.0,29.0,26.52,26.52,37192000,[1 0]
20070817,28.0,31.99,28.0,31.99,199126400,[0 1]
20070820,31.1,31.1,30.5,30.9,40126000,[0 0]
20070821,30.9,30.9,30.9,30.9,61800000,[0 1]
20070822,31.0,31.0,31.0,31.0,15500000,[0 1]
20070823,31.0,31.0,30.99,31.0,137605600,[0 0]
20070827,31.0,31.0,29.8,31.0,28218000,[0 1]
20070828,30.5,30.5,30.0,30.25,45925000,[0 1]
20070829,30.5,30.8,30.3,30.3,96178000,[0 1]
20070830,30.0,30.0,29.8,29.8,1196000,[1 0]
20070831,29.0,30.8,29.0,30.8,92384100,[1 0]
20070903,30.8,30.8,30.8,30.8,24640000,[0 0]
20070904,30.8,30.8,29.94,30.2,28178100,[1 1]
20070905,29.0,29.8,29.0,29.8,50628000,[1 1]
20070906,30.0,30.0,30.0,30.0,54000000,[1 0]
20070910,29.5,29.65,28.9,29.18,559246700,[0 0]
20070911,29.2,29.5,29.2,29.2,132909500,[1 1]
20070912,29.19,29.19,27.8,28.7,407552800,[1 1]
20070913,28.7,29.3,28.5,29.06,90097200,[1 0]
20070914,29.5,29.6,28.5,29.5,129961100,[0 0]
20070917,30.48,30.48,28.42,28.5,179852900,[0 1]
20070918,29.0,29.0,28.5,28.99,11438500,[0 0]
20070919,28.99,29.1,28.99,28.99,32759900,[0 1]
20070920,29.0,29.07,28.08,28.08,126164600,[1 0]
20070921,28.01,28.04,27.5,27.5,104764600,[0 1]
20070924,27.5,28.0,27.5,28.0,32326800,[0 0]
20070925,28.1,28.15,27.75,28.1,95457000,[1 0]
20070926,28.0,28.3,27.8,28.3,182622200,[1 1]
20070927,28.9,28.95,28.5,28.5,104588900,[0 0]
20070928,28.94,29.5,28.5,29.5,225512300,[1 0]
20071001,29.0,29.31,29.0,29.31,73106100,[1 0]
20071002,28.92,29.29,28.8,28.94,143931600,[1 0]
20071003,28.9,29.01,28.5,28.5,161194000,[0 1]
20071004,28.5,28.95,28.5,28.95,50164500,[1 0]
20071005,29.0,29.0,28.8,29.0,93958000,[1 1]
20071008,29.0,29.15,28.5,29.15,64531500,[1 1]
20071009,29.25,29.8,29.25,29.8,213389600,[0 1]
20071010,30.0,30.0,29.71,29.9,196289200,[1 0]
20071011,30.49,30.49,29.0,29.18,106129700,[0 0]
20071015,30.0,30.3,28.3,29.0,116007100,[1 0]
20071016,29.0,29.0,28.0,28.0,255482100,[0 1]
20071017,28.07,28.07,27.99,28.0,172203100,[1 0]
20071018,28.0,28.4,28.0,28.25,235748400,[1 1]
20071019,28.0,28.0,27.27,27.27,346955400,[1 0]
20071023,27.01,27.33,27.0,27.18,291711600,[0 0]
20071024,27.2,27.2,27.0,27.15,169652500,[1 1]
20071025,27.0,27.2,26.81,27.2,162368600,[0 0]
20071026,27.5,28.0,27.0,27.89,136977000,[1 0]
20071029,28.0,28.0,27.79,27.79,140713400,[0 0]
20071030,27.5,27.79,27.0,27.0,241703700,[0 0]
20071031,27.5,27.99,27.0,27.99,223227800,[1 0]
20071101,27.9,27.9,27.79,27.85,182986900,[1 1]
20071105,27.5,28.5,27.04,27.5,248230800,[0 0]
20071106,28.2,28.32,28.2,28.3,115914800,[1 0]
20071107,29.0,29.0,27.0,27.0,266502000,[0 0]
20071108,27.54,28.5,27.54,28.2,60089300,[1 0]
20071109,27.73,28.39,27.5,28.39,274000800,[1 0]
20071112,28.5,29.1,28.0,28.0,17170900,[1 1]
20071113,27.5,28.21,27.5,27.5,9936700,[0 0]
20071114,28.0,28.16,28.0,28.16,24777600,[1 1]
20071116,28.15,28.8,28.15,28.15,285949000,[0 1]
20071119,28.17,28.26,28.0,28.2,69797900,[1 1]
20071121,27.5,27.52,27.5,27.5,124317500,[1 0]
20071122,28.0,28.0,28.0,28.0,840000,[0 0]
20071123,27.6,27.6,27.6,27.6,10764000,[1 0]
20071126,27.5,27.5,27.5,27.5,6325000,[0 0]
20071127,27.5,28.0,27.0,27.9,100783900,[1 1]
20071128,28.14,28.15,28.0,28.0,26322900,[1 0]
20071129,27.5,27.5,27.0,27.0,1494211800,[1 0]
20071130,27.0,27.6,27.0,27.1,36242000,[1 0]
20071203,27.25,28.08,27.25,27.25,29225900,[1 0]
20071204,27.2,28.11,27.2,28.11,54191300,[0 0]
20071205,28.15,29.0,28.15,29.0,35561400,[1 0]
20071206,28.95,28.95,28.95,28.95,289500,[1 1]
20071207,29.07,29.07,29.07,29.07,581400,[1 0]
20071210,28.55,29.49,28.55,29.49,580400,[0 0]
20071211,28.7,28.7,28.1,28.1,1138700,[0 0]
20071212,28.1,28.1,27.5,27.5,97262900,[1 0]
20071213,27.02,27.02,27.0,27.01,4050800,[1 0]
20071214,27.25,27.25,27.25,27.25,2725000,[0 0]
20071217,27.25,27.53,27.25,27.25,92701000,[1 0]
20071218,27.25,27.25,27.25,27.25,1362500,[0 1]
20071219,27.5,27.87,27.5,27.87,15284500,[0 1]
20071220,27.99,27.99,27.99,27.99,279900,[0 0]
20071221,27.01,27.5,27.01,27.25,58537700,[0 0]
20071226,27.97,29.0,27.97,28.6,152157500,[1 0]
20071227,28.6,29.0,28.55,29.0,82945400,[1 0]
20071228,29.1,29.5,28.1,29.5,303692000,[0 0]
20080102,29.5,29.5,28.79,28.79,96499400,[1 1]
20080103,28.6,28.6,28.6,28.6,286000,[0 1]
20080104,28.6,28.6,27.26,27.26,5465400,[1 0]
20080107,27.25,27.3,27.25,27.3,84305100,[0 0]
20080108,27.3,27.4,27.3,27.36,39719400,[1 0]
20080109,27.36,27.36,27.36,27.36,124488000,[0 1]
20080111,27.36,27.36,27.36,27.36,1745568000,[1 0]
20080114,27.03,27.39,27.0,27.39,9211400,[1 1]
20080115,27.39,27.39,27.39,27.39,10404300,[0 0]
20080116,27.4,27.4,26.5,26.95,56928900,[1 0]
20080117,26.95,26.95,26.95,26.95,400207500,[1 1]
20080118,26.95,26.95,26.95,26.95,27489000,[1 1]
20080121,25.0,27.5,25.0,26.4,2390142000,[0 0]
20080122,27.0,27.0,26.99,26.99,8369900,[0 1]
20080123,26.5,26.5,26.5,26.5,14575000,[0 0]
20080124,26.91,27.0,26.91,27.0,2698200,[1 0]
20080128,26.81,27.8,26.55,27.78,86328400,[0 0]
20080129,27.54,27.54,27.03,27.03,27254400,[0 1]
20080130,27.09,27.09,26.99,26.99,8916700,[1 0]
20080131,27.1,28.95,26.5,28.95,77130900,[0 0]
20080201,27.5,27.5,27.5,27.5,158400000,[1 0]
20080206,26.8,26.8,26.8,26.8,2948000,[0 0]
20080207,26.8,27.0,26.7,26.7,13665200,[0 0]
20080208,27.0,27.0,27.0,27.0,16740000,[0 1]
20080211,26.62,27.0,26.62,27.0,587507200,[0 1]
20080212,27.0,27.7,27.0,27.54,8523500,[1 0]
20080213,27.0,27.54,27.0,27.54,110741400,[0 0]
20080214,27.45,27.9,27.45,27.7,77936500,[0 0]
20080215,27.7,27.9,27.0,27.9,35816200,[0 0]
20080218,27.54,27.54,27.54,27.54,275400,[0 1]
20080219,27.54,27.54,27.5,27.5,746593800,[0 0]
20080220,27.5,28.0,27.5,28.0,22027000,[0 1]
20080221,28.49,28.6,28.49,28.5,47094900,[0 0]
20080222,28.0,28.0,28.0,28.0,19600000,[1 1]
20080225,28.15,28.15,28.15,28.15,929513000,[1 0]
20080226,28.4,28.5,28.4,28.5,134710100,[1 0]
20080227,28.5,28.9,28.5,28.9,778809000,[0 1]
20080228,28.42,29.5,28.42,29.5,2604200,[0 0]
20080229,29.5,29.5,29.0,29.0,67790000,[0 0]
20080303,28.15,28.15,27.8,27.8,13456000,[0 1]
20080304,27.8,27.8,27.8,27.8,40310000,[1 0]
20080305,29.2,29.2,28.95,28.95,209976800,[1 0]
20080306,28.56,28.56,28.56,28.56,285600,[1 0]
20080310,28.0,28.0,27.5,27.5,3855000,[0 0]
20080311,27.5,27.5,27.5,27.5,1100000,[0 0]
20080312,28.0,28.0,28.0,28.0,25200000,[1 0]
20080313,28.3,28.3,28.28,28.3,9618000,[1 1]
20080314,28.0,28.5,28.0,28.5,36500000,[1 1]
20080317,27.89,28.5,27.89,28.5,3698900,[0 0]
20080318,28.9,29.99,28.9,29.2,12635600,[1 1]
20080319,29.0,29.0,29.0,29.0,870000,[1 0]
20080320,29.5,30.0,29.5,30.0,3560800,[1 1]
20080324,30.0,30.0,29.3,29.3,50263000,[1 0]
20080325,29.0,30.5,29.0,30.5,3630000,[0 1]
20080326,29.5,29.99,29.5,29.6,31983000,[1 0]
20080327,29.6,29.6,29.0,29.0,2622000,[0 1]
20080328,29.0,29.5,29.0,29.0,337912000,[0 0]
20080331,29.1,30.83,29.0,30.83,231967000,[1 0]
20080401,29.5,29.5,29.5,29.5,669650000,[1 1]
20080402,29.5,30.5,29.5,30.5,2415320000,[0 0]
20080403,30.8,31.91,30.8,31.89,243576700,[0 0]
20080404,32.9,32.9,32.0,32.01,323572400,[1 0]
20080407,32.1,32.1,31.3,31.75,455926500,[1 0]
20080408,31.7,31.7,30.9,30.9,3407000,[1 1]
20080409,30.9,30.9,30.9,30.9,309000,[0 1]
20080410,30.5,30.5,29.5,29.5,3345000,[1 0]
20080411,29.5,29.5,29.5,29.5,109445000,[1 0]
20080414,29.5,30.1,29.5,30.1,11806000,[1 0]
20080417,29.05,29.05,29.05,29.05,581000,[1 1]
20080505,31.0,31.0,31.0,31.0,310000,[1 0]
20080506,31.53,31.8,30.5,30.5,63864000,[1 1]
20080507,30.8,30.8,29.0,29.0,13648000,[0 0]
20080508,29.0,30.5,29.0,29.0,35395000,[0 0]
20080509,29.0,30.0,29.0,30.0,24334000,[0 0]
20080512,29.02,29.5,29.02,29.5,585200,[0 0]
20080513,29.5,29.5,29.0,29.0,15020000,[1 0]
20080514,29.0,29.2,29.0,29.2,341170000,[0 0]
20080515,29.2,29.2,29.0,29.0,78302100,[1 1]
20080516,29.5,30.4,29.5,30.35,1942499000,[0 1]
20080519,30.5,30.5,29.59,30.0,20120900,[0 1]
20080520,30.0,30.0,29.12,30.0,81891100,[0 0]
20080521,29.9,29.9,29.9,29.9,1794000,[0 1]
20080523,29.9,29.9,29.15,29.2,144131000,[0 0]
20080526,29.2,30.0,29.2,30.0,14803400,[1 0]
20080527,29.2,29.21,29.2,29.21,102527000,[0 1]
20080528,29.5,30.44,29.5,30.0,902785200,[0 0]
20080529,30.0,30.0,30.0,30.0,468000000,[1 1]
20080530,30.0,30.0,30.0,30.0,118202000,[0 1]
20080602,30.0,30.0,29.95,29.95,168700000,[1 1]
20080604,29.4,30.25,29.4,30.25,282633000,[0 1]
20080605,30.61,31.0,29.21,31.0,426400100,[1 1]
20080606,30.95,30.95,29.6,29.6,86819600,[1 0]
20080609,29.8,30.0,29.8,30.0,58780000,[0 0]
20080610,29.51,30.72,29.51,30.65,270958600,[1 1]
20080611,30.65,30.75,30.35,30.4,207826000,[1 0]
20080612,30.5,30.5,29.63,29.63,11581300,[1 0]
20080616,29.63,29.63,29.1,29.1,7034500,[0 0]
20080617,29.1,30.2,29.0,30.2,16961000,[0 0]
20080620,29.7,30.0,29.7,30.0,9296400,[1 1]
20080623,29.06,29.5,29.05,29.5,2328600,[0 1]
20080624,29.3,30.0,29.3,30.0,593000,[1 1]
20080625,30.28,32.0,29.95,32.0,104969100,[0 0]
20080626,31.5,31.5,31.5,31.5,315000,[1 0]
20080627,31.49,31.9,30.7,31.9,18601900,[0 0]
20080630,31.99,32.0,31.9,32.0,42555900,[1 0]
20080701,31.89,31.9,31.89,31.9,13396800,[1 0]
20080702,31.0,31.0,30.09,31.0,13512600,[0 0]
20080703,30.1,31.3,30.1,31.3,154527000,[1 0]
20080708,31.5,31.5,30.0,30.0,4953600,[1 1]
20080710,30.0,31.0,30.0,30.2,84762000,[0 1]
20080711,31.48,31.48,31.48,31.48,314800,[1 1]
20080714,31.5,31.9,31.5,31.9,4419900,[1 0]
20080715,31.8,32.5,31.8,32.5,57807000,[0 0]
20080716,31.8,32.5,31.8,32.5,1614700,[1 0]
20080717,33.0,33.0,30.1,30.1,846380600,[0 0]
20080718,30.02,30.31,30.0,30.0,313171000,[1 0]
20080721,30.5,31.5,30.5,31.5,7640000,[1 0]
20080722,31.5,31.5,30.06,30.99,207722700,[1 0]
20080723,30.5,30.5,30.5,30.5,3965000,[1 0]
20080724,30.4,31.5,30.4,31.5,155985000,[0 1]
20080725,31.0,31.0,31.0,31.0,310000,[1 0]
20080728,31.01,31.01,31.0,31.0,208370200,[0 0]
20080729,31.0,31.0,30.11,31.0,221621300,[0 1]
20080730,31.0,31.0,30.0,30.0,42310000,[0 1]
20080731,30.4,31.3,30.1,31.3,125334900,[1 1]
20080806,30.2,32.39,30.2,32.39,46109800,[1 1]
20080807,31.0,31.0,30.3,30.5,31912000,[0 1]
20080808,30.51,30.51,30.5,30.5,18300100,[1 1]
20080811,30.5,30.5,29.75,29.75,303550000,[0 0]
20080812,29.5,29.85,29.25,29.85,301783500,[1 1]
20080813,29.25,29.25,29.25,29.25,266175000,[0 0]
20080814,29.25,29.25,29.25,29.25,16380000,[1 0]
20080815,29.5,29.5,29.25,29.25,105356200,[1 0]
20080818,29.25,29.25,29.25,29.25,2340000,[1 0]
20080819,29.25,29.25,29.24,29.25,148559200,[0 1]
20080820,29.4,29.4,29.25,29.25,44056500,[1 1]
20080821,30.0,30.0,30.0,30.0,21900000,[1 1]
20080825,30.0,30.0,28.75,28.75,3577500,[1 0]
20080826,28.75,28.9,28.75,28.9,3164000,[0 1]
20080828,29.01,29.01,29.01,29.01,290100,[0 0]
20080829,29.01,29.75,28.9,29.0,350044400,[1 0]
20080901,29.0,29.0,28.01,28.5,53935100,[0 1]
20080903,28.5,28.5,28.5,28.5,27930000,[0 1]
20080904,27.0,27.0,26.5,27.0,1041625000,[1 0]
20080905,26.8,27.0,26.15,27.0,1337500,[1 1]
20080909,27.0,27.0,26.15,26.15,1010108500,[0 1]
20080910,26.15,26.15,26.15,26.15,523000,[0 0]
20080911,26.15,26.15,26.15,26.15,21443000,[0 0]
20080912,24.71,26.5,24.71,26.5,1039432200,[1 0]
20080915,27.5,27.5,25.8,25.8,14213900,[1 1]
20080917,24.71,25.8,24.0,24.89,1368560400,[1 0]
20080918,25.7,25.7,24.88,24.89,8487500,[0 1]
20080919,25.7,26.5,25.0,26.0,15842000,[0 0]
20080922,26.0,26.0,25.5,25.5,14945000,[1 0]
20080923,25.5,25.5,25.0,25.5,26580000,[0 1]
20080924,26.0,26.0,26.0,26.0,260000,[0 0]
20080925,27.0,27.0,27.0,27.0,270000,[1 0]
20080926,27.0,27.5,27.0,27.5,126095000,[0 1]
20080929,27.5,27.5,24.75,25.5,102782500,[0 0]
20080930,25.5,28.0,25.5,28.0,1093824000,[0 1]
20081001,28.0,28.0,28.0,28.0,2800000,[1 1]
20081002,27.0,27.99,26.5,27.99,21767200,[0 1]
20081003,28.0,28.0,28.0,28.0,447160000,[1 1]
20081006,27.5,27.5,23.75,26.0,50836200,[1 1]
20081007,25.5,26.0,25.0,26.0,15280300,[0 1]
20081008,25.5,25.5,20.01,21.5,51375100,[1 1]
20081009,21.5,21.5,20.99,20.99,3864900,[1 1]
20081010,20.0,20.0,13.6,18.1,218245800,[1 1]
20081013,19.01,21.98,19.01,20.94,740190400,[1 1]
20081014,21.53,22.8,21.53,22.8,47343900,[0 1]
20081015,22.8,22.8,21.0,21.0,63726000,[0 0]
20081016,21.0,22.0,20.8,21.98,322148100,[0 1]
20081017,21.0,22.1,20.5,20.5,2312000,[0 1]
20081020,20.5,22.35,20.5,21.61,78255400,[0 1]
20081021,21.5,22.0,21.12,21.12,136519400,[1 1]
20081022,20.27,20.5,18.0,18.0,155691100,[0 0]
20081023,18.51,19.0,17.5,17.5,175674100,[0 1]
20081024,17.3,17.51,16.5,16.5,753531900,[0 0]
20081027,16.5,17.0,16.0,16.0,102285000,[0 1]
20081028,16.0,19.23,16.0,17.5,10082300,[0 0]
20081029,18.0,18.0,17.26,17.3,142419000,[0 0]
20081030,18.5,18.5,17.5,17.5,45720000,[0 1]
20081031,18.5,19.0,18.2,18.5,160848300,[0 1]
20081103,19.0,19.0,18.5,19.0,40353000,[0 0]
20081104,20.9,20.9,20.9,20.9,11704000,[0 0]
20081105,19.88,19.88,18.49,18.49,140721600,[0 1]
20081106,18.49,18.49,17.92,18.4,29979400,[1 1]
20081107,18.3,19.0,18.0,18.6,41429000,[1 1]
20081110,19.49,19.49,18.99,18.99,59656000,[1 0]
20081111,18.99,19.0,18.98,19.0,15006400,[0 0]
20081112,19.0,19.0,18.65,18.65,355866600,[0 1]
20081113,18.1,19.61,18.0,19.61,133629700,[0 1]
20081114,19.5,20.0,19.5,19.99,113889600,[1 0]
20081117,20.3,20.31,20.3,20.3,218325100,[1 0]
20081118,20.3,20.5,20.0,20.3,522733000,[1 0]
20081119,20.1,20.5,19.7,19.9,59579100,[0 1]
20081121,19.9,20.3,19.9,20.3,30650000,[0 1]
20081124,21.0,21.0,20.3,20.99,11197600,[0 0]
20081125,21.0,21.0,20.95,20.99,9025600,[0 0]
20081126,20.9,21.0,20.5,20.99,278130200,[0 0]
20081127,21.0,22.3,21.0,22.0,570728000,[0 1]
20081128,22.3,22.5,22.0,22.0,225004600,[1 0]
20081201,22.0,22.0,21.0,21.99,128197800,[0 1]
20081202,22.0,22.0,22.0,22.0,418880000,[1 1]
20081203,22.0,22.0,21.6,22.0,206355800,[0 1]
20081204,22.99,22.99,22.99,22.99,229900,[0 0]
20081205,22.99,23.4,22.3,23.4,310192600,[0 1]
20081208,23.0,23.5,23.0,23.4,132031000,[1 0]
20081209,23.39,23.39,23.0,23.2,149033200,[1 0]
20081210,22.89,22.9,21.51,22.9,135398500,[0 0]
20081211,23.0,23.0,21.5,21.8,79524500,[1 0]
20081212,22.44,22.5,22.44,22.5,51165600,[0 1]
20081215,21.2,21.5,21.15,21.15,831300000,[0 0]
20081216,21.16,22.0,21.16,22.0,2452305000,[0 0]
20081217,21.99,21.99,21.99,21.99,439800,[0 0]
20081218,22.5,22.5,21.25,22.5,23345500,[1 0]
20081219,22.5,23.0,22.5,23.0,1141000,[1 0]
20081222,22.15,22.69,21.5,21.5,568014500,[0 0]
20081223,21.5,22.0,21.5,22.0,65805000,[1 0]
20081226,21.51,22.6,21.5,22.6,26936000,[0 0]
20081230,22.6,22.77,21.02,22.0,146995700,[1 0]
20090102,21.68,22.77,21.25,22.76,25991400,[1 1]
20090105,22.65,22.65,21.55,22.0,17613000,[0 0]
20090106,22.6,22.6,22.19,22.2,10613900,[1 0]
20090107,22.2,22.25,21.41,21.41,14896400,[0 1]
20090108,21.5,21.99,21.3,21.6,91813600,[1 1]
20090109,21.6,21.98,21.49,21.98,491572900,[1 1]
20090112,21.69,22.0,21.69,21.99,5244600,[1 0]
20090113,21.99,21.99,21.91,21.98,20642700,[1 0]
20090114,21.9,21.99,21.9,21.99,8103900,[1 1]
20090115,21.56,22.5,21.34,22.5,8485400,[1 0]
20090120,21.51,21.89,21.3,21.55,23229000,[1 0]
20090121,21.55,21.55,21.55,21.55,712443000,[1 0]
20090122,21.55,21.55,21.01,21.5,474954900,[0 1]
20090123,21.1,21.5,20.99,21.5,478134900,[1 0]
20090126,21.5,21.5,21.4,21.4,326040000,[1 1]
20090127,21.35,22.0,20.21,21.4,115160200,[1 1]
20090128,21.3,21.3,20.5,20.5,212029900,[1 0]
20090129,20.89,20.92,18.5,19.1,284308200,[1 1]
20090130,19.0,20.5,19.0,20.5,397219500,[0 0]
20090203,20.2,20.2,20.2,20.2,44844000,[0 1]
20090204,20.2,20.2,20.2,20.2,161600000,[1 0]
20090205,20.05,20.05,19.51,19.98,3990900,[1 0]
20090206,20.5,20.5,20.05,20.05,1410500,[1 1]
20090209,20.05,20.09,20.0,20.09,30475900,[0 1]
20090210,20.05,20.05,20.0,20.0,2203000,[1 0]
20090211,20.1,20.1,20.1,20.1,201000,[1 0]
20090212,20.0,20.0,20.0,20.0,28800000,[1 0]
20090213,19.9,20.05,19.9,20.05,598500,[0 0]
20090216,20.05,20.05,19.7,19.8,63471000,[0 0]
20090217,19.06,19.8,19.06,19.78,430467400,[0 1]
20090218,19.2,19.75,19.0,19.48,20653100,[1 0]
20090220,19.4,19.5,19.4,19.5,971000,[0 1]
20090225,19.0,19.5,19.0,19.5,4418900,[0 0]
20090226,19.25,19.5,19.05,19.5,75240500,[0 1]
20090227,19.5,20.25,19.1,20.0,81997300,[0 1]
20090302,20.0,20.0,19.07,19.99,186880800,[0 1]
20090303,19.9,19.9,18.91,19.0,51740000,[0 0]
20090304,19.5,19.9,19.0,19.9,32200400,[1 1]
20090306,19.12,19.75,19.12,19.75,2135800,[1 1]
20090309,19.35,19.73,19.35,19.73,43746200,[0 0]
20090310,19.5,20.43,19.5,20.0,20651500,[0 1]
20090311,20.0,20.25,19.5,20.25,72749200,[0 0]
20090316,20.1,20.1,20.1,20.1,443406000,[0 1]
20090317,19.95,20.4,19.5,20.4,95500300,[1 0]
20090318,19.5,20.5,19.5,20.5,75302000,[1 1]
20090319,19.9,20.6,19.9,20.6,807000,[0 1]
20090320,20.5,20.5,19.89,20.34,41597000,[1 1]
20090323,20.34,20.61,20.2,20.61,117749500,[0 1]
20090324,20.49,20.75,20.39,20.75,70487200,[0 0]
20090325,20.95,21.4,20.95,21.0,5682200,[0 0]
20090326,21.0,21.4,21.0,21.4,3629000,[1 1]
20090327,21.4,21.4,21.4,21.4,48150000,[0 0]
20090330,21.4,21.4,21.4,21.4,428000,[0 1]
20090331,21.39,22.0,20.6,20.6,289889500,[0 0]
20090401,21.49,21.8,21.45,21.8,123564900,[0 1]
20090402,21.89,23.0,21.89,23.0,1336800,[1 0]
20090403,22.9,23.49,22.9,23.49,54519000,[1 0]
20090406,23.3,23.49,23.3,23.49,155125100,[1 1]
20090408,24.0,24.0,24.0,24.0,240000,[1 0]
20090409,23.99,23.99,23.28,23.5,568429000,[0 1]
20090413,23.01,23.5,23.01,23.49,26127100,[1 1]
20090414,23.49,23.49,23.49,23.49,59899500,[1 0]
20090415,23.3,23.3,23.3,23.3,52425000,[1 0]
20090416,23.0,23.3,23.0,23.3,138089600,[1 0]
20090417,23.49,23.49,23.01,23.47,79370800,[0 0]
20090420,23.0,23.5,23.0,23.5,105575000,[1 0]
20090423,23.4,24.0,23.4,23.5,119723000,[0 0]
20090507,24.7,24.7,24.4,24.4,23195000,[0 0]
20090508,24.4,24.7,24.4,24.7,1726000,[1 0]
20090511,24.99,24.99,24.99,24.99,249900,[0 1]
20090512,24.3,24.99,24.01,24.99,4162800,[0 0]
20090513,24.02,24.71,24.01,24.71,68334800,[1 1]
20090514,24.5,25.5,24.5,25.5,1243979200,[1 1]
20090515,25.45,25.45,25.0,25.43,9571200,[1 0]
20090519,24.71,25.45,24.7,25.0,5482900,[1 0]
20090520,24.8,25.0,24.8,25.0,578640000,[1 1]
20090521,25.2,25.3,25.2,25.3,18206000,[0 0]
20090525,25.1,25.3,25.04,25.3,6261900,[1 0]
20090526,25.05,25.5,25.05,25.5,45967100,[1 0]
20090527,25.0,25.39,25.0,25.0,159503900,[1 0]
20090528,25.0,25.0,25.0,25.0,50000000,[1 1]
20090529,25.0,25.48,25.0,25.0,206759600,[1 0]
20090601,25.0,25.7,25.0,25.7,21167320000,[1 0]
20090602,24.81,25.01,24.8,24.8,633666900,[0 1]
20090603,24.9,24.9,24.9,24.9,3974100,[1 1]
20090604,24.5,25.2,24.5,25.2,9454900,[0 1]
20090608,25.05,25.5,25.05,25.15,57265600,[0 0]
20090609,25.15,25.49,24.5,25.4,76106300,[0 0]
20090610,25.5,25.78,25.49,25.5,85708600,[0 0]
20090612,26.05,27.25,26.0,27.25,3134500,[0 1]
20090615,27.29,27.3,27.0,27.3,8714400,[0 0]
20090616,25.98,26.0,25.1,25.88,41330000,[1 0]
20090617,25.52,25.52,25.0,25.1,63637000,[0 1]
20090618,25.0,25.1,25.0,25.1,7780000,[1 1]
20090619,25.1,26.44,25.1,26.37,417961800,[0 0]
20090622,26.3,26.3,26.3,26.3,4734000,[0 0]
20090623,26.25,26.25,26.2,26.2,3145000,[1 0]
20090624,26.3,26.3,25.16,25.2,28746600,[0 0]
20090625,25.13,25.81,25.0,25.6,3555200,[1 0]
20090626,25.5,25.5,25.5,25.5,510000,[0 1]
20090629,25.7,26.0,25.7,26.0,581350100,[1 0]
20090630,26.18,26.77,26.0,26.0,23227300,[0 1]
20090701,26.5,26.6,26.5,26.6,3187000,[0 0]
20090702,26.05,26.05,25.31,25.79,1024600,[0 0]
20090706,25.9,26.1,25.9,26.1,3128000,[0 1]
20090707,25.87,25.9,25.87,25.9,517700,[1 0]
20090708,25.0,25.4,25.0,25.2,6512000,[1 1]
20090710,26.2,26.2,26.2,26.2,578496000,[1 1]
20090713,26.2,26.6,26.15,26.6,3688500,[0 0]
20090714,26.01,26.7,25.97,26.0,11967200,[0 1]
20090715,25.11,25.79,25.11,25.25,6795200,[0 1]
20090716,25.25,25.35,24.94,24.95,753844200,[0 1]
20090717,25.24,25.24,24.8,24.86,247759000,[0 0]
20090720,25.3,25.3,25.3,25.3,5060000,[1 0]
20090721,25.0,25.5,24.91,24.91,73286700,[1 1]
20090722,24.99,25.0,24.91,25.0,45164000,[0 0]
20090723,25.0,25.87,24.95,25.87,67556900,[1 0]
20090724,25.87,26.5,25.75,26.35,52188600,[1 0]
20090727,26.35,26.99,26.0,26.65,50711600,[0 0]
20090728,26.5,27.0,26.4,26.8,8811600,[0 0]
20090729,26.99,27.29,26.5,26.5,14058400,[1 0]
20090730,26.5,27.0,26.49,26.6,7450500,[0 1]
20090731,26.9,27.0,26.9,26.99,726569600,[0 1]
20090803,27.0,27.5,27.0,27.5,369133900,[1 1]
20090804,27.35,27.5,27.0,27.5,12909500,[0 0]
20090805,27.29,27.3,27.29,27.3,604201400,[0 0]
20090806,28.9,28.9,27.35,27.79,4019400,[0 0]
20090807,27.79,27.9,27.79,27.9,8338100,[1 0]
20090810,27.9,27.9,27.9,27.9,85095000,[0 1]
20090811,27.9,27.9,27.5,27.5,5241000,[0 0]
20090812,26.55,27.7,26.55,27.7,21858300,[0 1]
20090813,27.7,27.7,27.0,27.0,109807500,[0 0]
20090814,27.29,27.4,27.29,27.4,3012900,[1 0]
20090817,26.91,26.91,26.52,26.6,37325800,[1 0]
20090818,25.81,27.0,25.81,27.0,10053500,[0 1]
20090819,26.95,27.1,26.95,27.0,21632500,[0 1]
20090820,26.99,26.99,26.99,26.99,539800,[0 1]
20090821,27.1,27.5,26.5,27.05,20627100,[0 0]
20090824,27.5,27.5,27.49,27.49,549900,[1 0]
20090825,27.95,28.1,27.5,27.5,2517400,[0 1]
20090826,27.5,27.79,27.5,27.79,5502900,[0 1]
20090827,28.14,28.14,27.75,28.09,42841700,[0 0]
20090828,27.65,28.45,27.65,28.45,10610300,[1 1]
20090831,28.0,28.49,27.5,28.35,61126700,[0 0]
20090901,28.28,28.28,28.28,28.28,623856800,[0 0]
20090902,28.27,28.4,28.0,28.4,18642100,[0 1]
20090903,28.0,28.38,28.0,28.38,5073800,[0 1]
20090904,28.0,28.0,28.0,28.0,280000,[0 1]
20090908,28.17,28.6,28.15,28.6,6531900,[1 0]
20090909,28.51,28.51,28.48,28.49,17953800,[1 0]
20090910,28.49,28.55,28.0,28.0,69166400,[1 0]
20090911,28.55,28.6,28.5,28.6,323762000,[1 1]
20090914,28.6,28.68,28.5,28.59,19727600,[1 0]
20090915,28.67,28.67,28.12,28.65,2567900,[0 1]
20090916,28.68,29.2,28.68,29.15,190043000,[1 0]
20090917,29.14,29.15,27.82,29.0,23726600,[1 1]
20090918,29.0,29.19,29.0,29.19,15459300,[0 0]
20090921,29.19,29.75,29.04,29.75,18699100,[1 0]
20090922,29.5,29.55,29.0,29.0,3206300,[1 1]
20090923,29.3,29.75,29.3,29.75,32489500,[0 0]
20090924,29.75,29.75,29.75,29.75,4165000,[0 1]
20090925,29.75,29.75,29.75,29.75,3867500,[1 1]
20090928,29.75,29.75,29.1,29.75,668322500,[1 0]
20090929,29.75,29.75,29.7,29.74,13682300,[1 1]
20090930,29.74,30.09,29.7,30.09,448032700,[1 0]
20091001,30.0,30.09,29.5,30.09,7148400,[0 1]
20091002,30.09,30.3,30.09,30.3,35586400,[0 1]
20091005,30.45,30.75,30.45,30.75,74817500,[1 0]
20091006,31.0,31.59,30.7,30.99,50152800,[1 0]
20091007,30.82,30.99,30.45,30.99,3088500,[1 0]
20091008,30.98,31.04,30.95,30.99,9296600,[0 1]
20091009,30.3,31.5,30.3,31.5,67095600,[1 0]
20091013,32.9,32.9,31.4,31.4,42592900,[0 1]
20091014,32.0,32.0,29.74,31.21,33248300,[1 0]
20091015,30.8,31.95,30.8,31.95,73899300,[1 0]
20091016,31.8,31.9,31.75,31.75,5083000,[1 0]
20091019,31.69,31.69,31.64,31.64,2216800,[0 0]
20091021,32.8,32.8,32.49,32.49,2277400,[1 1]
20091022,31.2,31.91,31.2,31.91,1580800,[1 0]
20091023,30.99,30.99,30.21,30.45,742906300,[1 0]
20091026,30.45,30.46,30.45,30.46,64873900,[0 0]
20091027,30.46,30.8,29.81,30.43,8129900,[0 1]
20091028,30.25,30.25,29.75,30.0,11370000,[1 0]
20091029,31.0,31.0,30.13,30.88,9058200,[1 1]
20091030,29.95,30.5,29.7,30.5,19059900,[0 0]
20091103,29.53,30.4,29.52,30.4,31416300,[1 0]
20091104,29.51,30.29,29.51,30.29,598000,[1 0]
20091105,30.48,30.5,30.48,30.5,3049800,[1 0]
20091106,30.5,30.79,30.5,30.79,3357900,[1 0]
20091109,30.79,31.45,30.79,31.45,8694500,[0 1]
20091110,31.65,31.65,30.85,30.85,9263000,[1 0]
20091111,30.7,30.95,30.7,30.95,923500,[1 1]
20091112,31.2,31.2,31.19,31.19,12478000,[0 0]
20091126,33.5,33.5,33.0,33.5,23020000,[1 0]
20091127,33.98,33.98,33.98,33.98,339800,[1 0]
20091130,34.0,34.4,34.0,34.4,4460000,[0 0]
20091201,34.1,34.4,34.0,34.4,39551000,[0 1]
20091202,34.34,34.7,34.34,34.7,39597700,[0 1]
20091203,34.7,34.9,34.7,34.9,4172000,[0 1]
20091204,34.99,35.0,34.99,35.0,51799900,[1 1]
20091207,35.3,35.3,35.0,35.3,11260000,[0 1]
20091208,35.0,35.59,35.0,35.59,150794500,[1 1]
20091209,35.75,36.45,35.5,36.4,134810600,[0 0]
20091210,36.75,37.4,36.55,37.3,91421500,[0 0]
20091211,37.34,37.8,37.34,37.8,9379500,[0 1]
20091214,37.9,38.0,37.35,38.0,10228500,[0 0]
20091215,37.4,37.4,37.0,37.3,9266000,[0 1]
20091216,37.5,37.5,37.25,37.4,4496500,[1 0]
20091217,37.0,37.0,37.0,37.0,7400000,[0 1]
20091221,37.5,37.85,37.0,37.0,79977500,[0 0]
20091222,37.7,37.7,36.5,36.5,52791500,[0 1]
20091223,37.0,37.75,37.0,37.0,79052500,[1 0]
20091228,37.0,37.0,36.16,36.66,1468200,[0 1]
20091229,37.0,37.0,37.0,37.0,2220000,[0 1]
20091230,37.5,38.8,36.5,36.5,46184900,[0 1]
20100104,36.5,37.7,36.5,37.7,8260000,[0 0]
20100105,37.0,38.0,37.0,38.0,11000000,[1 0]
20100106,37.0,38.31,35.0,38.31,192208900,[0 0]
20100107,38.44,38.44,37.99,38.2,24006900,[0 0]
20100108,38.2,38.2,38.2,38.2,3820000,[0 1]
20100111,38.2,38.2,38.0,38.2,60733000,[1 0]
20100112,38.14,38.9,38.0,38.9,324027100,[1 1]
20100113,38.5,38.5,38.11,38.5,243766100,[0 0]
20100114,38.5,38.5,38.01,38.01,68016500,[1 0]
20100115,37.71,37.71,37.41,37.5,3752400,[1 1]
20100118,36.99,37.99,36.99,37.95,36171400,[0 0]
20100119,37.01,37.97,37.01,37.48,9351400,[0 0]
20100120,37.15,37.49,36.7,37.4,188879700,[1 0]
20100121,37.5,37.5,37.3,37.3,38054500,[0 0]
20100122,37.3,37.3,37.3,37.3,107051000,[0 1]
20100126,37.0,37.3,37.0,37.3,96943000,[0 0]
20100127,36.2,37.88,36.2,37.88,126254600,[1 1]
20100128,36.5,37.87,36.5,37.87,382201000,[1 0]
20100129,38.5,39.35,38.1,38.5,28543200,[0 1]
20100201,38.45,38.5,38.43,38.5,13841500,[1 0]
20100202,38.0,38.0,38.0,38.0,380000,[0 0]
20100203,37.2,38.0,37.2,38.0,1124000,[0 0]
20100204,37.65,37.65,37.01,37.2,85203300,[0 1]
20100205,36.4,37.89,36.4,37.0,4796600,[0 1]
20100208,37.0,37.3,37.0,37.3,2235000,[0 1]
20100209,37.8,38.39,37.8,38.39,4937800,[0 1]
20100210,38.39,38.65,38.39,38.65,6173600,[0 1]
20100211,38.75,38.85,38.75,38.75,9691500,[0 0]
20100212,39.0,39.3,38.75,39.25,66777100,[1 0]
20100217,39.06,40.0,39.06,40.0,29547100,[0 0]
20100218,39.39,39.39,39.38,39.38,37010500,[0 1]
20100219,38.39,39.0,38.39,38.39,34173200,[0 1]
20100223,37.7,37.7,37.1,37.6,67150000,[0 0]
20100224,36.5,36.5,36.5,36.5,365000,[0 1]
20100225,36.3,36.99,36.3,36.98,16362300,[1 1]
20100226,35.9,36.7,35.62,36.15,129962500,[0 1]
20100301,36.6,37.24,36.6,37.24,2944700,[0 0]
20100302,38.0,38.0,37.89,38.0,4176800,[0 0]
20100303,38.4,38.4,37.9,37.9,7967000,[1 1]
20100305,37.5,38.0,37.5,38.0,16659000,[0 0]
20100308,37.69,37.69,37.69,37.69,4899700,[1 0]
20100309,37.9,38.25,37.1,38.0,62201400,[1 0]
20100310,38.3,38.3,37.99,37.99,7984100,[1 1]
20100311,37.89,38.2,37.89,37.9,43646800,[1 0]
20100312,38.2,38.2,38.2,38.2,382000,[1 1]
20100315,37.06,38.1,37.05,38.1,2642000,[0 1]
20100317,38.1,38.3,38.1,38.3,10332900,[0 0]
20100318,38.0,38.0,37.65,37.65,28658000,[1 1]
20100319,37.71,37.71,36.2,37.5,15489700,[0 0]
20100322,37.5,37.5,37.37,37.5,45349000,[1 0]
20100323,36.7,37.4,36.7,37.4,16365000,[0 1]
20100324,37.2,37.2,37.2,37.2,1116000,[1 1]
20100326,37.2,37.2,37.2,37.2,372000,[0 0]
20100329,37.2,37.2,37.15,37.15,10783000,[0 1]
20100331,36.05,37.2,36.05,37.2,36330500,[0 0]
20100401,37.0,37.5,37.0,37.5,1495000,[1 1]
20100405,36.99,37.1,36.99,37.1,46650900,[1 0]
20100406,36.21,37.0,36.21,36.5,8394800,[0 0]
20100407,36.9,36.9,36.9,36.9,738000,[1 1]
20100408,36.9,37.55,36.9,36.99,17810200,[1 1]
20100409,36.9,37.0,36.9,37.0,1478000,[0 1]
20100413,35.6,36.45,35.6,36.0,17270200,[1 1]
20100414,37.3,37.3,37.3,37.3,373000,[0 1]
20100415,36.99,36.99,36.99,36.99,3699000,[0 1]
20100416,36.5,36.5,35.78,36.0,34485600,[0 0]
20100419,35.06,35.89,35.06,35.15,10213900,[1 1]
20100420,35.16,35.2,34.8,35.2,31466400,[0 1]
20100422,35.3,35.4,35.3,35.4,6013000,[0 1]
20100423,34.8,35.4,34.8,34.9,76289000,[1 0]
20100426,35.7,35.7,35.08,35.45,24116000,[1 1]
20100427,35.5,35.5,34.8,35.45,51040000,[0 0]
20100510,34.0,35.35,34.0,35.14,75430500,[0 1]
20100511,35.07,35.07,34.25,34.25,18527300,[1 0]
20100512,34.5,34.5,33.76,34.48,2392200,[0 0]
20100513,34.1,34.1,34.1,34.1,2046000,[1 0]
20100514,33.98,33.98,32.8,33.0,18522000,[1 0]
20100517,33.2,33.2,33.2,33.2,6640000,[1 0]
20100518,34.74,34.74,32.8,33.1,4974000,[1 0]
20100519,32.9,33.0,32.79,32.79,67345000,[0 0]
20100520,32.5,32.5,31.75,32.4,282170000,[0 1]
20100521,31.8,32.35,31.8,32.35,16667000,[0 0]
20100524,32.0,32.0,31.4,31.5,98150500,[1 0]
20100525,31.45,31.45,31.45,31.45,5346500,[1 1]
20100526,31.5,31.9,31.5,31.5,21428000,[1 0]
20100527,31.5,31.51,31.49,31.49,4725000,[1 0]
20100528,31.5,31.5,31.5,31.5,27090000,[0 1]
20100531,31.5,31.5,31.4,31.5,31179000,[0 0]
20100601,31.5,31.5,31.45,31.45,15115000,[0 0]
20100602,31.4,31.4,31.4,31.4,3140000,[1 1]
20100604,31.4,31.8,31.4,31.8,17402000,[0 1]
20100607,31.5,31.9,31.5,31.7,66627400,[1 1]
20100608,32.25,32.25,31.4,31.41,9124200,[0 0]
20100609,31.39,31.39,31.0,31.0,933900,[1 0]
20100610,31.1,31.1,31.1,31.1,7153000,[1 0]
20100611,30.81,30.81,30.0,30.75,140199600,[1 0]
20100614,31.04,31.05,31.04,31.05,20803300,[1 0]
20100615,31.8,31.8,31.8,31.8,8904000,[0 1]
20100616,30.11,31.64,30.11,31.64,14610400,[1 1]
20100617,31.63,31.63,31.63,31.63,2530400,[1 0]
20100618,30.92,31.75,30.73,31.75,8868800,[1 0]
20100621,31.8,31.8,30.97,31.39,2194700,[1 0]
20100622,31.39,31.39,30.62,31.0,86446500,[0 0]
20100623,30.7,31.25,30.6,31.25,35181100,[1 1]
20100624,31.1,31.8,31.1,31.8,142276600,[1 1]
20100625,32.0,32.05,32.0,32.05,5448000,[1 1]
20100628,32.05,32.2,32.04,32.2,9956900,[1 0]
20100629,31.8,32.55,31.7,32.55,58121400,[0 1]
20100630,34.0,35.0,33.25,34.24,131251400,[0 0]
20100701,33.0,33.89,33.0,33.3,18776200,[1 0]
20100702,33.9,34.25,33.65,34.25,52003000,[0 0]
20100705,34.15,34.15,34.15,34.15,341500,[0 1]
20100706,34.8,35.4,34.3,34.3,19269400,[0 0]
20100707,34.99,34.99,34.99,34.99,349900,[1 0]
20100708,35.0,35.0,35.0,35.0,350000,[0 1]
20100712,34.99,34.99,34.5,34.75,17722000,[0 0]
20100713,34.75,34.9,34.75,34.9,2434000,[0 1]
20100714,34.5,34.7,34.5,34.7,7598000,[1 1]
20100719,34.5,35.35,34.5,35.35,10573500,[0 1]
20100721,34.3,34.4,34.1,34.4,26384700,[1 1]
20100722,35.0,35.0,34.0,34.0,24162000,[1 0]
20100723,34.5,34.5,34.49,34.49,1379800,[1 0]
20100727,34.48,35.19,34.48,35.18,39739200,[1 1]
20100728,35.18,35.18,35.18,35.18,232188000,[0 1]
20100729,35.0,35.25,35.0,35.25,35237500,[0 0]
20100802,35.4,36.05,35.4,36.05,21877000,[1 0]
20100803,35.9,36.2,35.9,36.2,50642500,[1 0]
20100804,36.23,36.23,36.23,36.23,7970600,[0 0]
20100805,36.4,36.4,36.35,36.4,8367000,[1 0]
20100806,36.1,36.4,36.1,36.4,38580600,[1 0]
20100809,36.52,36.52,35.65,36.45,1807100,[0 0]
20100810,36.44,36.46,36.44,36.46,729000,[1 1]
20100811,36.14,36.14,36.12,36.13,55640200,[1 1]
20100813,36.1,36.1,36.1,36.1,361000,[1 1]
20100816,36.0,36.0,36.0,36.0,360000,[1 0]
20100817,36.0,36.52,36.0,36.4,12621200,[0 0]
20100818,36.5,36.52,36.2,36.52,7273200,[0 0]
20100819,39.7,39.7,36.0,36.0,10800100,[1 0]
20100820,37.05,37.05,36.99,36.99,1110300,[1 0]
20100902,35.68,35.68,35.68,35.68,169836800,[0 1]
20100903,34.7,35.69,34.7,35.69,70113800,[0 1]
20100909,35.6,35.95,34.4,35.8,58203900,[1 1]
20100910,34.8,35.8,34.8,35.79,15330300,[1 1]
20100913,34.93,36.23,34.93,36.23,1420400,[0 1]
20100914,36.45,36.45,35.7,36.4,1085500,[1 0]
20100915,35.4,36.0,35.25,35.41,77973700,[0 0]
20100916,35.99,35.99,35.99,35.99,359900,[1 1]
20100917,35.0,35.49,34.5,34.79,72713800,[0 0]
20100920,34.8,35.47,34.8,35.3,23509200,[0 1]
20100921,34.38,34.9,34.25,34.9,63775400,[1 1]
20100922,33.9,35.0,33.9,34.9,27769500,[1 1]
20100923,34.15,35.14,33.71,34.39,45101800,[0 0]
20100924,34.2,34.2,33.09,34.0,29021800,[1 0]
20100927,34.2,34.2,33.4,33.99,31109000,[1 0]
20100930,33.25,33.9,33.25,33.9,81501200,[0 0]
20101004,34.14,34.2,33.94,34.09,234925700,[0 0]
20101005,34.01,35.35,34.0,35.35,219523100,[0 0]
20101008,35.35,35.35,34.8,35.35,45600200,[1 1]
20101011,35.75,35.75,35.35,35.35,7074000,[0 1]
20101013,35.75,35.75,35.57,35.6,71488500,[1 0]
20101014,35.7,35.7,34.51,35.6,24884000,[0 0]
20101015,35.5,35.6,35.5,35.6,1067000,[1 1]
20101018,35.59,35.59,35.1,35.58,260076200,[1 1]
20101020,35.59,35.59,35.59,35.59,355900,[0 1]
20101025,34.53,35.49,34.53,34.65,5210400,[0 0]
20101026,35.61,35.61,35.5,35.5,711100,[1 0]
20101027,35.2,35.2,35.2,35.2,1408000,[0 1]
20101028,35.3,35.3,35.3,35.3,353000,[0 1]
20101029,34.34,35.3,34.31,35.3,3843600,[1 0]
20101101,35.3,35.3,35.3,35.3,5648000,[1 0]
20101103,35.3,35.59,35.3,35.59,5297900,[0 1]
20101104,35.9,36.4,35.9,36.4,9781000,[0 0]
20101105,37.0,37.0,37.0,37.0,740000,[0 0]
20101108,36.9,38.5,36.9,38.5,11380000,[0 1]
20101109,38.49,38.49,38.49,38.49,384900,[1 0]
20101110,38.4,38.4,38.34,38.35,21483000,[1 0]
20101111,38.0,38.0,38.0,38.0,1900000,[1 1]
20101112,37.0,38.5,37.0,38.5,64153000,[1 0]
20101116,37.5,38.49,37.5,38.37,15483400,[0 1]
20101117,37.95,38.5,37.95,38.36,300267500,[0 0]
20101118,37.21,38.02,37.0,38.02,2632700,[1 0]
20101119,38.36,38.4,38.0,38.38,11502900,[1 1]
20101122,38.0,38.44,38.0,38.42,6848600,[1 1]
20101123,38.4,38.4,38.3,38.3,1151000,[0 1]
20101124,37.21,38.45,37.17,38.45,30403400,[0 0]
20101125,38.5,38.5,38.5,38.5,2695000,[1 0]
20101126,38.0,38.3,37.5,37.5,15183300,[0 0]
20101129,38.5,38.5,37.01,37.99,27526300,[0 0]
20101130,38.29,38.48,38.29,38.29,33706500,[0 0]
20101201,38.3,38.75,38.3,38.7,44348000,[0 0]
20101202,38.4,38.4,38.4,38.4,192768000,[0 0]
20101203,38.4,39.24,38.4,39.24,869749600,[0 0]
20101206,39.0,39.0,39.0,39.0,89700000,[1 0]
20101207,38.6,38.99,38.5,38.5,109736300,[0 0]
20101208,38.61,38.61,38.5,38.5,23486100,[0 0]
20101209,38.5,38.5,38.32,38.32,20005600,[1 1]
20101210,38.4,38.4,38.4,38.4,4992000,[0 1]
20101213,38.01,38.57,38.01,38.5,5756300,[0 1]
20101214,38.1,38.1,38.1,38.1,10668000,[1 0]
20101215,38.1,38.1,38.1,38.1,23241000,[0 1]
20101216,38.0,38.2,38.0,38.07,79630400,[0 0]
20101217,38.5,38.75,38.1,38.1,128214000,[1 1]
20101220,38.31,38.31,38.0,38.0,3423100,[1 0]
20101221,38.0,38.01,38.0,38.0,121220400,[0 1]
20101222,37.7,37.7,37.7,37.7,3016000,[1 1]
20101223,37.6,38.65,37.0,38.0,87103300,[0 1]
20101227,38.2,38.2,38.2,38.2,3820000,[1 1]
20101228,37.5,37.5,37.5,37.5,3750000,[1 1]
20101229,38.0,38.5,36.5,38.0,486428500,[1 0]
20101230,38.9,38.9,37.0,38.0,376879600,[1 0]
20110103,38.2,38.59,38.2,38.5,5385800,[1 0]
20110105,38.5,38.78,38.5,38.78,37001500,[0 0]
20110106,38.94,38.94,38.94,38.94,1557600,[1 1]
20110107,38.0,38.75,38.0,38.75,3059400,[1 0]
20110110,37.81,38.5,37.27,38.5,16722700,[1 1]
20110111,38.59,38.6,38.59,38.6,6561700,[1 0]
20110112,38.6,39.55,38.5,39.55,327321700,[0 0]
20110113,39.55,40.5,39.55,40.5,116137900,[0 1]
20110114,40.3,41.0,40.3,41.0,27740700,[1 1]
20110117,40.8,40.8,40.8,40.8,130560000,[0 1]
20110118,40.5,41.0,40.5,41.0,24472000,[0 0]
20110119,41.0,42.0,40.25,40.25,35662800,[0 1]
20110120,41.0,41.94,40.25,41.0,124568100,[1 1]
20110121,41.29,41.99,41.0,41.0,35285700,[0 0]
20110124,40.02,42.0,40.01,41.0,75082900,[1 0]
20110126,40.54,40.61,40.3,40.3,31566000,[1 1]
20110127,40.56,40.8,40.2,40.75,5278000,[0 1]
20110128,40.03,40.94,39.0,39.95,134399400,[0 1]
20110131,40.15,40.15,39.0,39.0,239936300,[0 1]
20110201,38.8,38.99,38.49,38.5,37178000,[0 0]
20110202,38.21,38.85,38.0,38.0,156573800,[1 1]
20110203,38.0,38.0,37.75,37.8,200241300,[0 0]
20110204,38.0,38.5,37.5,38.0,47265600,[1 1]
20110207,37.79,37.8,37.5,37.5,33986900,[1 0]
20110208,37.5,37.5,37.5,37.5,375000,[1 0]
20110209,37.6,37.6,37.6,37.6,16168000,[0 1]
20110210,37.35,37.35,37.1,37.1,7793500,[1 0]
20110211,37.06,37.49,36.26,37.1,50332700,[1 1]
20110215,36.5,37.49,36.49,37.49,9220700,[1 1]
20110216,36.66,37.59,36.66,37.58,43827900,[0 1]
20110217,37.61,38.4,36.82,38.0,40459200,[1 1]
20110218,38.02,38.1,38.02,38.1,16763200,[0 1]
20110221,38.2,38.24,38.2,38.24,764400,[0 1]
20110222,38.4,38.4,36.42,37.5,13117300,[1 1]
20110223,36.8,38.0,36.8,37.75,47540500,[0 0]
20110225,37.4,37.4,37.4,37.4,374000,[0 1]
20110228,37.4,37.99,37.4,37.99,157602800,[1 0]
20110301,37.99,38.1,37.03,38.0,39511200,[1 1]
20110302,37.99,38.0,37.26,37.35,48170100,[0 1]
20110303,37.79,37.8,37.2,37.2,31014800,[0 0]
20110309,38.0,38.0,37.8,37.8,17060000,[0 1]
20110310,37.7,37.8,37.65,37.65,204806000,[0 1]
20110311,37.65,38.4,37.65,38.4,16287000,[1 1]
20110316,37.9,37.9,37.9,37.9,1895000,[1 0]
20110317,38.0,38.0,38.0,38.0,11400000,[0 1]
20110318,37.9,37.98,37.9,37.98,19329800,[0 1]
20110321,38.0,38.0,38.0,38.0,19000000,[0 1]
20110322,38.4,38.4,38.4,38.4,2688000,[0 1]
20110323,38.5,39.0,37.5,39.0,61554100,[1 0]
20110324,38.5,38.5,38.5,38.5,385000,[0 0]
20110325,38.0,38.6,38.0,38.6,7986000,[0 0]
20110328,38.49,38.49,37.01,37.9,322582700,[0 1]
20110329,38.0,38.4,37.43,37.43,340209900,[0 0]
20110330,38.4,39.47,38.4,39.15,238491600,[0 0]
20110331,39.48,39.49,39.2,39.49,5525600,[0 1]
20110401,39.49,40.2,39.49,40.2,85807900,[1 0]
20110404,40.48,40.48,40.0,40.0,804800,[0 1]
20110406,40.0,40.49,40.0,40.49,182804900,[1 1]
20110407,39.95,39.95,39.95,39.95,24369500,[1 1]
20110408,39.03,39.98,39.03,39.7,3562400,[1 1]
20110411,39.5,39.5,39.0,39.15,17229300,[0 0]
20110412,39.99,39.99,39.0,39.0,8589900,[1 0]
20110413,39.5,40.48,38.4,38.75,516056200,[0 0]
20110414,38.75,38.75,38.75,38.75,24025000,[0 1]
20110415,38.5,38.75,38.5,38.5,132091900,[0 1]
20110418,38.49,40.44,38.49,38.83,128031100,[0 1]
20110419,38.99,39.0,38.77,38.8,5044900,[0 1]
20110420,38.8,38.8,38.8,38.8,4268000,[1 1]
20110425,38.37,39.26,38.37,39.26,47741100,[1 1]
20110426,38.71,39.26,38.4,39.26,100557600,[1 0]
20110427,38.43,38.99,38.43,38.7,25080400,[0 0]
20110428,38.79,38.8,38.49,38.8,17777700,[1 0]
20110511,39.49,39.49,38.33,39.4,31600800,[0 1]
20110512,39.49,40.0,39.49,40.0,5582600,[1 0]
20110513,40.0,40.0,39.95,39.95,1199000,[0 0]
20110516,39.8,40.1,39.8,39.8,10750800,[1 1]
20110517,39.89,39.89,39.0,39.0,58514700,[0 0]
20110518,39.49,39.49,38.99,38.99,2734400,[0 1]
20110519,38.98,39.0,38.98,39.0,2729400,[0 1]
20110520,38.9,39.0,38.9,39.0,7797000,[1 0]
20110523,38.8,38.8,38.8,38.8,25220000,[1 0]
20110524,37.82,38.48,37.8,38.4,59939400,[1 0]
20110525,38.3,38.6,38.3,38.47,205462900,[1 1]
20110526,39.6,39.74,38.24,38.45,10093100,[1 0]
20110527,38.69,38.69,37.8,37.8,41003500,[0 0]
20110530,37.8,38.0,37.8,38.0,2270000,[0 1]
20110531,38.49,38.49,37.37,38.45,14707400,[0 0]
20110601,38.45,38.45,37.2,38.0,75850100,[0 1]
20110602,37.6,37.99,37.5,37.99,29402000,[1 1]
20110603,38.0,38.2,37.65,38.2,178928200,[1 0]
20110606,38.1,38.1,37.2,37.5,37454500,[0 1]
20110607,38.19,38.19,37.0,37.4,13070400,[1 0]
20110608,37.04,37.44,36.7,36.95,106071000,[0 0]
20110609,36.95,36.95,36.95,36.95,4803500,[0 1]
20110610,36.94,36.95,36.94,36.95,3694900,[0 1]
20110614,37.0,37.0,37.0,37.0,5550000,[1 0]
20110615,37.49,37.65,37.0,37.44,392623000,[0 1]
20110616,37.44,37.76,36.99,36.99,220971200,[0 0]
20110617,37.0,37.99,37.0,37.99,6373200,[0 1]
20110620,37.99,39.0,37.99,38.4,7687900,[1 0]
20110621,38.45,38.45,38.45,38.45,2307000,[1 0]
20110622,38.2,39.0,38.09,39.0,9666000,[1 0]
20110624,38.26,38.98,38.26,38.98,26998100,[0 1]
20110627,38.47,38.6,38.35,38.6,32323200,[1 0]
20110628,38.6,38.6,38.5,38.6,12737000,[0 0]
20110629,38.79,38.79,38.79,38.79,387900,[0 1]
20110630,38.27,38.74,38.0,38.0,133313100,[0 1]
20110701,38.79,38.79,37.98,38.47,17222900,[0 1]
20110704,37.87,38.32,37.61,38.29,13316200,[0 1]
20110705,38.03,38.4,38.02,38.4,8409300,[1 1]
20110706,38.04,38.94,37.5,38.29,129015600,[0 1]
20110707,37.82,38.0,36.5,37.5,364484000,[0 0]
20110708,37.21,37.98,37.09,37.93,238719900,[0 0]
20110712,37.0,37.99,37.0,37.9,7138900,[0 1]
20110713,38.94,38.94,37.98,37.98,6847400,[1 1]
20110714,37.02,38.5,36.5,38.5,255951400,[1 1]
20110715,38.49,38.49,37.8,37.8,11395000,[0 0]
20110718,36.7,37.1,35.22,35.4,117535800,[0 1]
20110719,35.99,35.99,35.0,35.59,9118700,[0 0]
20110720,35.59,35.59,35.0,35.5,17600800,[1 1]
20110721,35.98,36.5,35.97,36.5,10141800,[0 0]
20110722,36.49,36.49,36.49,36.49,364900,[0 1]
20110725,36.25,36.5,34.3,35.8,260049400,[0 1]
20110726,35.8,35.8,35.8,35.8,8592000,[1 0]
20110728,34.8,35.0,34.8,35.0,9758000,[0 0]
20110729,34.0,35.0,34.0,35.0,11148400,[1 1]
20110801,35.8,35.8,34.8,35.48,1060800,[1 0]
20110803,34.48,35.73,34.48,35.0,18224900,[0 0]
20110804,34.0,34.7,34.0,34.7,12436000,[1 0]
20110805,34.9,34.9,34.0,34.89,19044700,[0 0]
20110808,34.0,34.49,33.0,33.5,7024500,[0 1]
20110809,34.6,34.6,34.6,34.6,346000,[1 1]
20110811,35.1,35.1,33.1,34.89,38086700,[0 0]
20110812,34.99,34.99,32.9,34.99,31953100,[1 1]
20110815,35.1,35.1,34.44,34.88,27057800,[0 0]
20110816,33.85,34.82,33.85,34.5,9932600,[0 1]
20110817,35.09,35.1,34.0,34.4,17836500,[1 1]
20110818,34.5,34.5,34.0,34.1,7840000,[0 1]
20110831,31.5,33.5,31.5,33.5,8203500,[1 1]
20110901,33.0,33.0,32.31,32.6,39183700,[0 1]
20110906,32.2,33.0,31.82,33.0,39905100,[1 1]
20110908,32.7,32.97,32.07,32.97,13090000,[0 1]
20110909,32.31,32.97,32.0,32.97,13068200,[0 0]
20110912,33.0,33.5,32.01,33.5,32809000,[0 0]
20110913,32.74,32.89,32.32,32.5,22451800,[1 1]
20110914,33.1,33.1,32.16,32.5,6164000,[1 0]
20110915,32.5,32.5,32.5,32.5,975000,[1 0]
20110916,33.1,33.1,32.99,32.99,1320700,[1 0]
20110919,32.0,32.95,32.0,32.9,4516500,[1 0]
20110920,32.9,32.9,32.3,32.3,13036900,[0 0]
20110921,32.6,33.4,32.6,33.4,2953600,[0 1]
20110922,32.0,32.0,32.0,32.0,640000,[1 1]
20110923,32.67,32.67,32.67,32.67,1633500,[0 1]
20110926,32.25,32.25,32.0,32.25,706580000,[0 0]
20110927,32.25,32.25,31.9,31.99,11835200,[0 0]
20110928,32.24,32.25,31.4,32.24,9260800,[0 1]
20110930,31.3,31.77,30.0,30.0,231648200,[1 0]
20111003,30.0,31.37,30.0,31.19,7434900,[0 1]
20111004,30.0,30.0,30.0,30.0,215700000,[0 1]
20111005,30.89,30.89,30.39,30.48,3048700,[0 0]
20111006,30.48,30.48,29.85,29.96,120907800,[1 1]
20111007,30.0,30.0,29.7,29.9,2391000,[1 0]
20111010,30.0,30.0,29.75,30.0,5379300,[1 0]
20111011,29.75,29.99,29.47,29.68,176561900,[1 1]
20111013,29.71,29.79,28.72,28.72,26025800,[0 1]
20111014,29.03,30.0,28.5,30.0,185199400,[1 1]
20111018,29.9,29.9,29.0,29.63,40565000,[1 1]
20111019,29.62,30.38,29.62,30.0,55665000,[0 1]
20111020,30.0,30.0,30.0,30.0,5400000,[0 0]
20111021,30.0,30.0,29.77,29.77,2093100,[0 0]
20111024,29.77,30.0,29.77,30.0,6265500,[0 0]
20111026,29.52,30.5,29.51,30.5,167090200,[0 1]
20111027,30.0,30.01,29.75,30.0,65617300,[0 1]
20111028,29.8,30.0,29.77,30.0,3887200,[0 1]
20111031,30.0,30.0,29.99,29.99,17096900,[0 0]
20111101,29.89,29.9,29.89,29.9,6278300,[0 0]
20111103,29.71,29.96,29.65,29.65,11599700,[1 1]
20111104,29.99,29.99,29.99,29.99,599800,[0 1]
20111107,29.8,29.8,29.3,29.4,12963200,[1 1]
20111108,29.5,29.5,29.5,29.5,590000,[0 1]
20111109,28.65,28.65,28.52,28.52,2858500,[1 0]
20111110,28.32,28.89,28.32,28.89,6286100,[0 1]
20111111,29.18,29.48,29.18,29.48,2629200,[0 0]
20111114,28.8,28.8,28.8,28.8,1440000,[1 1]
20111116,29.0,29.0,29.0,29.0,290000,[1 1]
20111117,29.0,29.0,28.6,28.6,2022000,[0 0]
20111118,28.6,29.0,28.4,29.0,2872300,[1 1]
20111121,28.52,28.6,28.52,28.6,3999200,[0 0]
20111123,28.99,29.0,28.99,29.0,6379500,[1 0]
20111124,29.0,29.5,29.0,29.5,4695000,[1 0]
20111125,29.8,29.8,29.8,29.8,894000,[0 0]
20111128,29.75,29.97,29.5,29.5,74501900,[1 1]
20111129,29.1,29.5,28.5,28.5,137958800,[0 0]
20111130,29.33,29.8,28.57,29.54,236463500,[0 0]
20111201,29.99,29.99,29.8,29.8,597900,[0 0]
20111202,29.5,29.9,28.51,28.51,15147900,[0 0]
20111205,29.0,29.0,28.56,28.56,46180000,[1 1]
20111206,29.29,29.3,28.6,28.6,100071300,[0 0]
20111207,28.7,28.7,28.5,28.5,9990600,[0 1]
20111208,28.5,28.5,28.5,28.5,5985000,[1 0]
20111209,28.99,28.99,28.66,28.66,21643000,[0 0]
20111212,28.6,28.6,28.5,28.5,4561200,[1 0]
20111213,29.0,29.69,29.0,29.69,22111700,[1 1]
20111214,29.69,29.97,29.0,29.9,60636300,[0 0]
20111215,29.89,30.0,29.8,29.8,40405300,[1 0]
20111216,29.6,30.0,29.21,29.21,39689600,[0 0]
20111219,29.3,29.4,29.0,29.0,20771400,[1 0]
20111220,29.3,30.2,29.3,29.91,160311800,[0 0]
20111221,29.8,30.1,29.77,30.1,47514700,[0 1]
20111222,30.49,30.89,30.0,30.5,39848800,[0 1]
20111223,30.89,31.4,30.8,30.8,26225800,[1 0]
20111226,30.8,30.8,30.8,30.8,5852000,[1 1]
20111227,30.8,31.7,30.51,31.7,31209800,[1 0]
20111228,31.7,32.2,31.5,32.2,93078900,[0 1]
20111229,32.2,33.2,32.1,33.02,454980500,[1 1]
20120102,32.38,32.82,32.38,32.4,2920000,[0 0]
20120103,32.1,32.35,31.77,31.77,13126600,[0 0]
20120105,31.89,31.89,31.8,31.8,2862900,[1 1]
20120106,31.8,31.8,31.6,31.8,14876500,[0 0]
20120109,31.86,32.49,31.86,31.86,1287000,[1 0]
20120110,32.5,32.5,32.21,32.21,21983800,[0 1]
20120111,31.86,31.86,31.6,31.6,3176600,[0 1]
20120112,32.6,32.6,32.6,32.6,2282000,[1 1]
20120113,31.78,31.78,31.3,31.3,32175800,[1 1]
20120116,31.5,31.91,31.5,31.91,3489600,[0 1]
20120117,31.8,31.9,31.3,31.9,10453300,[0 0]
20120118,31.97,31.97,31.35,31.51,13288700,[1 0]
20120119,31.45,31.7,31.45,31.7,4110700,[0 1]
20120120,31.8,32.1,31.5,32.1,13756900,[1 0]
20120123,32.2,32.2,31.91,31.99,6400700,[1 0]
20120126,31.97,31.97,31.97,31.97,152816600,[0 1]
20120130,32.0,32.15,32.0,32.15,2883000,[1 1]
20120131,32.0,33.18,32.0,32.99,125061700,[0 0]
20120201,33.19,33.19,32.99,32.99,14191200,[1 0]
20120202,33.0,33.0,32.98,33.0,26390900,[0 0]
20120203,32.5,32.5,32.5,32.5,468325000,[1 1]
20120206,33.0,33.48,32.99,33.48,12613600,[0 1]
20120207,33.48,33.48,33.48,33.48,1339200,[1 0]
20120208,33.49,33.49,32.94,32.94,7272000,[1 0]
20120209,33.15,33.49,32.29,32.29,25784000,[1 1]
20120210,32.9,32.9,32.7,32.71,6887300,[1 1]
20120213,32.98,33.1,32.98,33.1,100233400,[0 1]
20120214,32.3,33.24,32.3,33.24,655400,[0 0]
20120215,33.24,33.3,32.97,32.97,16236800,[1 0]
20120216,32.99,33.0,32.75,32.99,26059700,[0 0]
20120217,33.0,33.0,32.75,32.75,24644700,[0 1]
20120222,32.5,33.0,32.49,32.5,45092300,[1 0]
20120223,32.5,32.55,32.25,32.5,113259800,[0 1]
20120224,32.5,32.75,32.5,32.5,140017300,[1 0]
20120227,32.98,33.5,32.97,33.49,56128000,[0 0]
20120228,33.48,35.0,33.4,35.0,91733300,[1 0]
20120229,34.79,34.9,34.5,34.7,184275700,[0 1]
20120301,34.51,35.5,34.5,35.5,147207200,[1 0]
20120302,35.99,36.16,35.5,36.16,44027900,[0 1]
20120305,35.7,35.7,35.6,35.6,49976000,[0 1]
20120306,35.17,35.17,34.63,35.0,13651600,[1 1]
20120307,35.5,35.9,35.3,35.9,323807000,[1 1]
20120308,35.51,36.3,35.5,35.55,175475300,[1 1]
20120309,35.08,35.8,34.25,35.8,342962300,[0 1]
20120312,35.78,35.8,35.3,35.79,186874800,[1 1]
20120313,35.15,37.0,35.15,37.0,604576500,[0 0]
20120314,35.9,36.33,35.41,35.51,134508100,[0 1]
20120315,35.97,35.98,35.5,35.7,62873100,[0 1]
20120316,35.53,35.79,35.11,35.11,4977700,[0 1]
20120319,35.14,35.42,35.0,35.0,13374000,[0 1]
20120320,35.02,35.35,34.8,35.2,23117400,[1 0]
20120321,35.46,36.0,34.9,36.0,26787800,[1 0]
20120322,36.01,36.01,35.29,35.9,36492400,[1 0]
20120323,36.0,36.4,35.25,36.2,104374900,[1 0]
20120326,35.84,36.9,35.68,36.87,27787600,[0 0]
20120327,35.79,35.79,34.9,35.0,174143500,[0 0]
20120328,35.01,35.09,34.7,34.7,38656700,[1 0]
20120329,35.0,35.0,35.0,35.0,350000,[1 1]
20120330,34.85,35.0,34.52,35.0,74808200,[1 0]
20120402,34.99,36.49,34.51,35.9,766714200,[0 0]
20120403,35.61,35.61,35.21,35.3,20549900,[1 0]
20120404,35.0,35.16,35.0,35.0,65138300,[1 1]
20120405,35.39,35.47,34.8,34.8,12312100,[1 1]
20120409,34.8,34.8,34.8,34.8,6960000,[1 0]
20120410,34.8,35.3,34.8,35.3,50180300,[0 1]
20120411,35.89,35.9,35.0,35.0,10629600,[1 0]
20120412,35.3,36.05,35.3,35.6,9351700,[1 0]
20120413,36.0,36.0,35.01,35.29,378167800,[0 1]
20120416,35.4,35.54,35.4,35.49,4250300,[1 1]
20120417,35.5,35.8,35.5,35.6,5337300,[0 0]
20120418,35.85,37.0,35.82,37.0,49725900,[0 0]
20120419,37.2,37.2,36.4,36.9,25614000,[0 0]
20120423,36.01,36.99,36.0,36.99,5129600,[1 0]
20120424,36.8,37.85,36.8,37.85,28192300,[1 1]
20120425,37.5,38.85,37.5,38.85,3839900,[1 1]
20120426,37.74,38.7,37.74,38.7,12703600,[0 0]
20120510,37.9,38.5,37.9,38.5,5716300,[0 0]
20120511,38.74,38.74,38.22,38.22,70788300,[0 0]
20120514,38.25,38.25,36.5,36.5,45618500,[0 0]
20120515,35.71,36.74,35.7,36.0,33179400,[1 0]
20120516,37.06,37.06,35.69,37.0,62673400,[1 1]
20120517,37.0,37.01,36.0,36.85,57371100,[1 1]
20120518,36.02,36.7,36.0,36.0,11293700,[1 1]
20120521,36.01,36.12,36.0,36.0,16206400,[1 1]
20120522,36.37,36.37,36.36,36.37,19639100,[1 1]
20120523,36.5,37.5,35.36,37.0,166979900,[0 0]
20120524,36.5,36.53,35.8,36.0,22752000,[0 1]
20120525,35.6,35.77,35.5,35.5,19595400,[0 1]
20120528,36.0,37.0,36.0,37.0,1100000,[0 1]
20120529,36.02,36.4,35.97,36.4,20982300,[0 1]
20120530,35.61,36.01,35.5,35.5,30691000,[1 0]
20120531,35.64,36.49,35.5,35.5,44393300,[0 0]
20120601,36.49,36.49,35.5,36.0,13955600,[0 1]
20120604,36.0,36.99,36.0,36.99,3635500,[0 1]
20120605,36.98,37.0,36.93,36.93,61724800,[1 1]
20120606,35.88,36.73,35.88,36.73,2179500,[1 1]
20120608,37.0,37.75,37.0,37.75,26720000,[1 1]
20120611,36.81,37.99,36.25,37.59,21844000,[1 0]
20120612,37.59,37.99,37.59,37.7,10161000,[0 0]
20120613,37.0,37.71,37.0,37.7,38768200,[0 0]
20120614,37.94,38.0,37.94,38.0,16711200,[1 0]
20120615,37.01,38.5,36.99,38.0,140874400,[1 0]
20120618,37.03,38.05,37.03,38.0,2261600,[0 1]
20120619,38.6,38.9,38.6,38.89,91338200,[1 1]
20120620,38.89,38.89,38.5,38.89,17107100,[0 0]
20120621,38.88,38.88,38.88,38.88,1555200,[0 0]
20120622,38.05,38.89,37.95,38.87,19265800,[0 1]
20120625,38.01,38.48,37.94,38.0,11024400,[0 0]
20120626,38.0,38.0,37.99,37.99,10259800,[0 1]
20120627,37.32,37.99,37.17,37.17,17220700,[1 0]
20120628,37.5,37.99,37.47,37.47,5627700,[1 0]
20120629,38.0,38.4,37.15,38.4,20629300,[1 0]
20120702,37.29,37.95,37.28,37.95,3382400,[1 1]
20120703,38.38,38.38,38.29,38.29,31781600,[0 1]
20120704,38.3,38.49,38.3,38.49,2303700,[1 0]
20120705,38.4,38.49,37.45,38.49,13395400,[0 1]
20120706,38.0,38.49,38.0,38.49,3444500,[1 0]
20120711,38.25,38.5,38.04,38.5,11133000,[1 1]
20120712,38.5,38.5,37.57,38.47,12589400,[0 1]
20120713,38.19,38.48,38.19,38.48,1533400,[0 1]
20120716,37.86,38.5,37.86,38.5,6121200,[1 0]
20120717,38.5,38.5,38.47,38.47,3849100,[1 1]
20120718,38.47,38.47,38.47,38.47,1154100,[1 0]
20120719,37.7,38.29,37.7,38.29,6844000,[1 0]
20120720,37.36,37.38,37.35,37.38,10462900,[1 1]
20120723,36.4,37.5,36.4,37.5,7047400,[0 1]
20120724,36.91,37.5,36.4,37.5,18526600,[1 1]
20120725,36.79,37.5,35.49,37.5,22495600,[1 0]
20120726,36.62,36.96,36.0,36.0,32303000,[1 0]
20120727,36.2,36.2,35.55,36.0,50583600,[1 1]
20120730,36.57,36.6,36.29,36.44,5106100,[1 0]
20120731,36.5,36.5,36.11,36.4,14926100,[0 1]
20120801,36.4,36.6,36.2,36.4,50956100,[1 0]
20120802,36.5,37.5,36.4,36.7,18939600,[0 0]
20120803,37.3,37.49,36.83,37.49,14543400,[0 0]
20120806,37.29,38.5,37.2,38.15,72150600,[0 0]
20120807,38.15,38.2,37.75,38.15,28196300,[1 0]
20120808,37.56,37.79,35.53,37.5,58249100,[0 1]
20120809,37.5,38.4,37.5,38.4,18703400,[0 0]
20120810,38.24,40.36,38.0,38.8,46380000,[1 0]
20120814,38.61,38.61,37.8,37.8,16718100,[0 0]
20120815,37.12,37.33,37.06,37.24,4087000,[0 1]
20120816,37.01,37.1,36.8,37.09,7016700,[0 1]
20120817,37.35,37.35,36.88,36.99,2221800,[0 1]
20120820,36.0,36.86,35.7,36.55,3993200,[1 0]
20120821,36.55,36.55,36.55,36.55,365500,[1 0]
20120822,36.61,36.73,36.61,36.73,733400,[1 1]
20120823,36.39,36.6,36.07,36.6,1456600,[0 0]
20120824,36.99,36.99,36.99,36.99,369900,[1 0]
20120827,36.72,36.72,33.99,33.99,27190500,[1 1]
20120828,34.26,34.62,34.26,34.3,11006000,[0 0]
20120829,34.14,34.39,33.5,33.5,41904400,[1 0]
20120830,33.7,33.71,33.52,33.52,41234700,[1 1]
20120831,33.51,33.51,30.9,32.8,110433500,[0 0]
20120903,32.81,32.9,32.81,32.89,39795400,[0 1]
20120904,32.77,32.77,31.8,31.8,61779300,[0 0]
20120905,31.12,31.75,31.0,31.1,101901000,[0 0]
20120906,31.98,31.98,31.79,31.79,37514100,[1 1]
20120910,31.02,31.4,30.91,31.4,48886500,[0 0]
20120911,31.4,31.4,30.66,30.66,40209900,[0 0]
20120912,30.45,30.45,25.9,28.78,89099900,[0 1]
20120913,29.03,29.5,27.98,27.98,58991300,[0 0]
20120914,28.3,28.5,27.16,28.29,46252000,[0 1]
20120917,27.53,28.29,27.46,28.0,30668900,[1 1]
20120918,28.2,28.56,28.14,28.2,49648200,[1 0]
20120919,28.8,28.8,27.44,27.44,94525700,[1 1]
20120920,27.15,27.89,27.0,27.0,49259400,[1 1]
20120921,27.1,27.39,26.84,27.0,55365800,[0 1]
20120924,27.7,27.7,27.01,27.01,40258800,[1 1]
20120925,27.27,28.0,27.27,28.0,48312400,[0 1]
20120926,28.39,28.4,28.0,28.01,37831700,[0 1]
20120927,27.9,27.99,27.55,27.57,37785100,[1 1]
20120928,28.0,28.0,27.19,27.79,56699000,[0 1]
20121001,27.79,27.79,27.79,27.79,34459600,[0 0]
20121002,28.2,28.2,27.15,27.15,40637500,[1 0]
20121003,27.45,27.45,27.03,27.03,76231400,[0 0]
20121004,27.03,27.03,25.4,25.4,124707100,[0 0]
20121005,26.01,26.21,25.9,26.09,316952200,[1 0]
20121008,26.34,26.7,26.0,26.22,69002700,[1 1]
20121009,26.99,26.99,25.9,26.04,59184400,[0 0]
20121010,26.04,26.09,25.91,25.99,55845700,[0 1]
20121011,26.54,26.54,26.54,26.54,1327000,[1 0]
20121015,26.5,26.69,26.04,26.04,4712600,[1 0]
20121016,26.65,26.99,26.21,26.21,211750500,[1 1]
20121017,26.47,26.47,25.9,25.9,35138400,[1 0]
20121018,25.8,26.05,25.8,26.0,34706300,[0 0]
20121019,26.0,26.1,25.65,26.1,27541500,[0 0]
20121022,26.1,26.26,25.7,26.26,153391800,[0 0]
20121023,25.94,25.94,25.3,25.3,237921600,[1 1]
20121024,25.99,26.06,25.42,25.57,257415600,[0 1]
20121025,25.61,25.61,25.61,25.61,186953000,[1 1]
20121026,25.46,25.7,25.19,25.19,17079800,[1 1]
20121029,25.21,25.43,25.17,25.43,2778000,[0 0]
20121030,25.15,25.17,24.61,24.61,17018800,[0 0]
20121031,24.5,24.63,24.1,24.35,22438200,[0 0]
20121101,24.35,24.81,24.35,24.5,14443100,[1 0]
20121105,24.3,24.72,24.0,24.65,13207000,[0 0]
20121106,24.63,24.7,24.5,24.53,6656900,[1 0]
20121107,24.6,24.6,24.1,24.1,3164900,[1 1]
20121108,24.25,25.08,24.01,24.3,26597400,[0 1]
20121109,23.98,23.98,22.25,22.25,278825000,[0 0]
20121112,22.08,22.16,20.8,20.8,806604500,[1 0]
20121113,21.2,22.1,21.0,21.66,320824400,[0 0]
20121114,22.77,22.78,21.66,22.25,90961200,[0 0]
20121116,22.38,22.4,22.02,22.4,16915300,[1 1]
20121119,22.65,22.65,22.38,22.4,2020800,[0 0]
20121121,22.23,22.24,21.96,22.0,74693500,[0 1]
20121122,21.52,22.2,21.52,21.94,47465700,[0 0]
20121123,22.03,22.63,21.94,22.58,27208700,[0 0]
20121126,22.61,22.7,22.02,22.11,100448700,[1 0]
20121127,22.18,22.56,21.95,21.95,40487000,[0 1]
20121128,22.11,22.25,22.11,22.25,122822800,[0 1]
20121129,22.5,22.95,22.21,22.9,48765400,[0 0]
20121130,23.46,24.0,22.6,23.99,154550000,[1 0]
20121203,23.68,23.9,23.3,23.5,119711000,[1 1]
20121204,23.51,23.88,23.4,23.4,32739600,[1 0]
20121205,23.4,23.6,23.0,23.39,101824200,[0 1]
20121206,23.14,23.62,22.91,23.5,138944600,[0 0]
20121207,23.45,23.91,23.11,23.55,49061100,[1 1]
20121210,23.6,24.14,23.42,24.13,16779200,[0 0]
20121211,23.91,24.9,23.91,24.66,96234100,[0 1]
20121212,24.59,24.95,23.85,23.85,85960200,[0 1]
20121213,24.47,25.17,24.28,24.8,1220466000,[1 0]
20121214,24.54,25.2,24.07,25.2,43822000,[1 0]
20121217,24.84,25.4,24.62,25.24,50077600,[0 1]
20121218,25.25,25.29,24.5,24.75,543554900,[1 1]
20121219,25.0,25.39,24.75,25.19,329226600,[1 1]
20121220,25.4,25.89,25.0,25.12,183288400,[1 0]
20121221,25.22,25.84,25.05,25.84,151219000,[0 1]
20121226,25.53,25.65,25.0,25.0,110998400,[0 0]
20121227,25.18,25.25,24.76,24.76,22452000,[1 0]
20121228,24.96,25.2,24.75,25.2,89272200,[1 1]
20130102,25.38,25.7,25.11,25.7,40097000,[1 1]
20130115,24.95,25.23,24.95,25.2,24776100,[0 0]
20130116,25.02,25.5,25.0,25.5,12864300,[1 0]
20130117,25.5,25.68,25.28,25.28,37002600,[0 1]
20130118,25.0,25.65,25.0,25.65,506500,[0 0]
20130121,25.52,25.8,25.52,25.8,13899300,[0 1]
20130122,25.23,25.9,25.23,25.4,187013600,[0 0]
20130123,25.14,26.05,25.14,26.05,9067600,[1 1]
20130124,26.24,26.25,25.35,26.23,57810600,[1 0]
20130128,26.0,26.0,25.32,25.96,16843300,[1 1]
20130129,25.49,25.5,25.05,25.41,74103300,[0 0]
20130130,25.25,25.73,25.23,25.26,17999900,[0 1]
20130131,25.08,25.98,25.08,25.98,352735800,[0 0]
20130201,25.74,26.37,25.41,26.2,37298000,[0 1]
20130204,26.2,26.3,25.62,25.62,8795600,[1 1]
20130205,25.6,25.62,25.22,25.4,506046900,[1 1]
20130206,25.17,25.49,24.64,25.1,8002400,[0 1]
20130207,25.08,25.5,24.66,25.4,256924400,[1 0]
20130208,25.0,25.0,25.0,25.0,250000,[1 0]
20130213,25.19,25.19,25.19,25.19,251900,[0 1]
20130214,24.8,24.9,24.49,24.61,79727100,[0 0]
20130215,24.5,24.91,24.4,24.91,738100,[0 0]
20130218,24.88,24.88,24.45,24.45,72370900,[0 0]
20130219,24.5,24.5,24.44,24.46,32776500,[1 0]
20130220,24.49,24.5,23.86,24.37,23512600,[0 1]
20130221,24.0,24.0,23.8,23.9,49461600,[1 0]
20130222,23.7,23.7,23.5,23.59,35388000,[0 0]
20130225,23.5,23.5,23.09,23.49,105840300,[1 0]
20130226,23.5,23.9,23.49,23.6,80765700,[1 0]
20130227,23.5,23.6,23.3,23.6,18476600,[1 0]
20130228,23.6,23.6,22.8,22.8,50646400,[1 1]
20130301,23.0,23.58,23.0,23.5,16151500,[1 1]
20130304,23.16,24.27,23.15,23.49,11627400,[0 1]
20130305,24.01,24.01,23.44,23.85,947400,[1 0]
20130306,23.85,24.84,23.7,24.25,18676600,[0 1]
20130307,24.84,25.19,24.5,25.17,12439800,[1 0]
20130308,24.75,25.25,24.47,24.86,9689800,[0 0]
20130311,24.5,25.18,24.22,25.18,287379600,[1 0]
20130312,24.48,25.2,24.05,25.0,63701700,[0 0]
20130313,24.76,24.76,24.11,24.48,13692000,[1 1]
20130314,24.31,24.7,24.21,24.7,88107600,[0 1]
20130315,24.6,24.6,24.2,24.54,81253400,[1 1]
20130318,24.39,24.75,24.25,24.5,10488000,[0 1]
20130319,24.31,24.5,24.18,24.45,6321700,[0 1]
20130320,24.24,24.24,22.81,23.19,28197400,[1 1]
20130321,22.73,23.3,22.37,23.3,40422300,[0 1]
20130322,23.2,23.5,22.75,23.5,54376900,[0 1]
20130325,23.27,23.27,22.61,22.7,47500400,[0 0]
20130326,22.02,23.81,22.0,23.8,45702300,[1 0]
20130327,23.79,25.0,23.79,24.89,41034300,[1 1]
20130328,24.51,25.0,24.21,24.99,37879000,[1 0]
20130401,24.43,25.0,24.25,24.99,11206300,[0 0]
20130402,24.99,25.48,24.5,24.8,26079100,[0 0]
20130403,25.36,25.49,25.1,25.49,81540100,[1 1]
20130404,25.01,25.01,25.01,25.01,20258100,[1 0]
20130405,25.38,27.3,25.38,27.3,894047500,[0 0]
20130408,27.5,27.5,26.35,27.19,368715100,[0 0]
20130409,26.78,27.33,26.5,27.33,334892200,[1 1]
20130410,27.0,27.24,26.9,26.95,246439100,[1 1]
20130411,26.89,27.2,26.89,27.0,43940300,[0 1]
20130412,26.9,27.0,26.89,27.0,17236900,[1 1]
20130415,26.5,26.58,26.32,26.58,2649000,[0 0]
20130416,26.7,26.9,26.7,26.9,36652800,[1 1]
20130417,26.89,27.24,26.89,27.24,40220000,[0 1]
20130418,27.4,28.3,27.0,27.5,31549100,[1 0]
20130419,28.1,28.3,27.71,28.26,141101300,[1 0]
20130422,28.26,28.26,27.56,27.79,65425500,[0 1]
20130423,28.42,29.88,28.12,29.88,254473600,[1 0]
20130424,29.21,29.8,28.97,29.8,14313800,[1 0]
20130425,29.8,30.5,29.8,30.5,1799900,[1 0]
20130509,28.5,28.5,28.5,28.5,285000,[1 1]
20130513,28.25,28.25,27.75,27.99,69515900,[0 0]
20130514,28.0,28.0,27.5,27.8,171780500,[1 0]
20130515,27.8,28.29,27.6,28.2,108788100,[0 0]
20130516,28.2,29.0,28.1,28.95,33752900,[0 1]
20130517,29.38,29.38,28.72,29.14,4935400,[0 0]
20130520,28.54,29.75,28.54,29.3,659100300,[1 1]
20130521,29.74,29.74,29.3,29.48,6177500,[1 0]
20130522,29.8,29.8,29.5,29.79,16910000,[1 1]
20130523,29.33,29.99,29.11,29.99,24604800,[0 0]
20130524,30.39,30.39,29.1,29.98,19575800,[1 0]
20130527,29.54,29.97,29.31,29.87,18098900,[0 0]
20130528,29.73,29.97,29.35,29.89,43763100,[1 1]
20130529,29.37,29.48,28.6,28.6,26838900,[1 0]
20130531,28.77,29.49,27.01,27.39,16856600,[0 1]
20130603,27.14,28.7,26.83,27.9,34637500,[1 0]
20130604,28.19,29.0,27.53,27.65,16383200,[1 1]
20130605,27.23,27.65,27.03,27.25,56064500,[1 1]
20130606,26.66,27.56,26.66,27.25,49062900,[1 0]
20130607,27.25,27.25,27.09,27.25,20697000,[1 0]
20130610,27.25,28.2,27.0,27.94,23929600,[0 1]
20130611,27.51,27.8,27.25,27.8,18887000,[1 0]
20130612,27.41,27.5,25.89,26.21,122666900,[1 1]
20130613,26.32,28.5,26.31,28.5,210531600,[1 0]
20130614,28.11,28.77,27.0,27.0,190507900,[1 0]
20130617,27.41,27.8,26.85,27.0,56353300,[1 0]
20130618,27.27,27.82,26.61,27.82,43672500,[0 1]
20130619,27.39,27.5,26.14,27.14,178654900,[1 0]
20130620,26.72,26.72,24.9,25.3,386581100,[0 1]
20130621,24.59,24.59,20.6,20.6,762403900,[0 0]
20130624,20.67,21.18,19.45,21.0,155792000,[0 0]
20130625,21.7,22.0,21.13,21.13,162970600,[1 1]
20130626,21.4,22.34,21.4,22.3,38289400,[1 0]
20130627,22.02,22.67,20.94,20.94,201940700,[1 1]
20130628,21.11,21.96,20.95,20.95,844959000,[1 0]
20130701,21.17,21.56,21.17,21.45,11147200,[0 0]
20130702,21.58,21.79,21.0,21.79,16584400,[1 0]
20130703,22.0,22.2,21.71,22.05,10762500,[1 0]
20130704,22.29,22.6,21.59,22.0,27791700,[1 0]
20130705,21.6,22.37,21.0,22.34,66564400,[1 1]
20130708,22.34,22.43,22.02,22.34,62053100,[1 0]
20130710,23.6,23.9,22.81,22.81,162704900,[1 0]
20130711,23.48,23.48,22.63,23.14,688700300,[0 0]
20130712,22.87,22.88,22.35,22.88,19813200,[1 1]
20130715,22.6,23.0,22.32,23.0,32324500,[1 1]
20130716,23.01,23.01,21.94,22.65,44929800,[1 0]
20130717,22.52,22.57,22.0,22.0,38196100,[1 0]
20130718,22.0,23.1,22.0,23.1,11671600,[1 1]
20130719,23.0,23.0,22.43,22.8,16373600,[1 0]
20130722,23.19,23.78,22.85,23.44,16282200,[1 1]
20130723,23.44,23.79,22.14,22.7,299980300,[0 1]
20130724,22.85,23.79,21.92,22.25,156319800,[0 1]
20130725,22.14,22.46,21.81,21.81,102208700,[1 1]
20130726,22.03,22.13,21.88,22.05,25728800,[1 0]
20130729,21.91,22.04,21.65,22.04,38798900,[1 0]
20130730,22.05,22.44,21.69,22.09,22007300,[1 1]
20130731,21.72,22.09,21.16,21.99,93481500,[1 0]
20130801,22.02,22.2,21.65,21.89,28784600,[0 1]
20130802,21.82,21.98,21.49,21.68,88870600,[0 0]
20130805,21.8,22.01,21.53,21.92,14444000,[1 1]
20130806,21.72,22.27,21.72,22.23,16701300,[1 0]
20130807,21.9,22.96,21.9,22.89,79691200,[1 1]
20130808,22.9,23.49,22.45,23.49,42655100,[0 0]
20130809,23.79,23.79,23.3,23.66,15601500,[1 0]
20130812,23.78,24.17,23.6,23.85,46898100,[0 1]
20130813,23.65,23.95,23.6,23.89,6189900,[1 0]
20130814,23.36,23.88,23.34,23.6,43440700,[1 0]
20130815,23.89,24.27,23.2,23.5,65545800,[0 0]
20130816,23.62,23.81,22.95,23.3,33485100,[0 1]
20130819,23.34,23.35,22.92,22.98,325998300,[1 1]
20130820,22.89,22.95,22.18,22.34,32998600,[0 1]
20130821,22.4,22.99,22.2,22.99,8902000,[1 0]
20130822,22.64,23.0,22.15,22.15,30718000,[1 1]
20130823,22.48,22.48,21.95,22.4,17531000,[1 1]
20130826,22.35,22.75,21.99,21.99,11740200,[0 0]
20130827,21.99,22.48,19.97,20.02,3865347000,[1 1]
20130828,20.21,21.29,20.19,21.19,97971200,[1 0]
20130829,21.6,21.75,20.3,20.3,7964655000,[1 1]
20130830,20.49,20.89,20.42,20.5,56701100,[1 1]
20130902,20.89,21.4,20.65,20.99,99828300,[1 1]
20130903,20.99,21.14,20.9,21.14,15742600,[0 1]
20130904,21.1,21.5,21.1,21.38,17445400,[0 0]
20130905,21.3,21.79,21.3,21.74,17014500,[1 1]
20130906,21.89,22.29,21.6,21.6,36687700,[1 1]
20130909,21.9,22.35,21.9,21.99,61119400,[1 1]
20130910,22.3,22.3,21.92,22.0,83414700,[1 1]
20130911,22.17,22.17,21.95,21.97,39088200,[0 1]
20130912,21.98,21.98,21.82,21.85,21637200,[1 1]
20130913,21.85,21.88,21.5,21.75,31252900,[0 1]
20130916,21.7,21.94,21.64,21.94,83750600,[1 0]
20130917,21.92,22.01,21.67,21.97,214746200,[0 0]
20130918,21.8,21.89,21.38,21.6,223755700,[1 0]
20130919,21.63,22.14,21.19,21.5,190393300,[1 1]
20130920,21.6,21.74,21.05,21.19,107158100,[0 1]
20130923,21.4,21.93,21.26,21.84,73889000,[1 1]
20130924,21.95,21.95,21.6,21.91,58508800,[1 1]
20130925,21.77,22.8,21.76,22.13,439680100,[0 0]
20130926,22.25,22.42,22.0,22.21,30705300,[1 0]
20130927,22.41,22.84,22.0,22.84,308323200,[1 0]
20130930,22.6,22.8,22.26,22.6,57826700,[1 1]
20131001,22.55,23.09,22.43,22.5,133789000,[1 1]
20131002,22.74,23.0,22.38,22.89,148040900,[1 0]
20131003,22.83,23.0,22.32,22.79,99313700,[1 0]
20131004,22.66,22.95,22.48,22.95,102794900,[0 0]
20131007,22.75,22.89,22.58,22.89,17562200,[0 1]
20131008,22.69,22.84,22.22,22.59,171149500,[1 0]
20131009,22.35,22.63,22.21,22.52,51344100,[0 0]
20131010,22.4,22.6,22.07,22.4,103832500,[1 0]
20131011,22.52,22.74,21.96,22.25,132554500,[0 0]
20131014,22.39,22.39,21.93,22.15,74602900,[1 1]
20131015,22.06,22.5,21.82,22.09,149885400,[0 0]
20131016,22.1,22.3,22.0,22.14,211575400,[1 1]
20131017,22.03,22.25,22.03,22.25,76485400,[0 1]
20131018,22.25,22.42,22.13,22.2,30879500,[1 0]
20131021,22.06,22.44,22.06,22.39,40545900,[1 0]
20131022,22.49,22.68,22.36,22.46,121793400,[0 1]
20131023,22.22,22.5,22.13,22.25,267391500,[1 1]
20131024,22.25,22.46,21.79,21.92,195926500,[1 0]
20131025,21.92,22.01,21.7,21.88,56524400,[1 0]
20131028,21.9,22.29,21.81,22.29,494077700,[1 0]
20131029,22.13,22.39,22.13,22.39,36170500,[0 1]
20131030,22.28,22.8,22.28,22.47,71552400,[0 0]
20131031,22.47,22.79,22.2,22.79,105284500,[1 0]
20131101,22.68,22.68,22.55,22.6,26651200,[1 0]
20131104,22.7,22.7,22.59,22.69,76107500,[1 0]
20131105,22.51,22.63,22.5,22.52,12161200,[0 0]
20131106,22.55,22.55,22.1,22.35,13147200,[1 0]
20131107,22.33,22.61,21.86,22.42,37983400,[0 1]
20131108,22.34,22.39,21.26,21.98,189743700,[1 1]
20131111,21.97,21.97,21.7,21.93,11603500,[1 1]
20131112,21.89,21.97,21.6,21.94,53491500,[1 1]
20131113,21.89,21.89,21.61,21.87,257447100,[1 0]
20131114,22.49,24.59,22.49,24.31,164416900,[1 1]
20131118,24.64,24.92,24.41,24.67,54391900,[1 0]
20131119,24.72,24.89,24.04,24.24,289435800,[0 1]
20131121,23.96,24.84,23.71,24.84,158850300,[0 1]
20131122,24.55,24.8,24.2,24.6,97565500,[0 1]
20131125,24.6,24.85,24.24,24.33,48057100,[1 1]
20131126,24.4,24.65,23.9,24.43,78278000,[0 1]
20131209,22.5,22.77,22.5,22.68,10192400,[1 0]
20131210,22.68,22.68,22.01,22.25,60103800,[1 1]
20131211,21.88,22.2,21.85,22.2,9265800,[0 1]
20131212,22.02,22.19,21.8,22.0,131816800,[1 0]
20131213,22.1,22.48,21.92,21.92,372801100,[0 1]
20131216,22.0,22.0,21.62,21.98,26542600,[0 0]
20131217,22.16,22.48,22.0,22.0,448414100,[0 1]
20131218,21.9,22.18,21.67,21.67,654361000,[0 0]
20131219,21.84,22.39,21.84,22.39,52512100,[0 0]
20131220,22.5,22.85,22.1,22.2,38370900,[1 1]
20131223,22.3,22.45,22.12,22.4,64087200,[1 0]
20131226,22.4,22.45,22.12,22.45,34904700,[0 0]
20131227,22.44,23.0,22.28,22.5,47873300,[1 0]
20131230,22.46,22.89,22.09,22.3,323499600,[1 1]
20140102,22.37,22.37,21.88,21.88,40529200,[1 1]
20140103,22.19,22.3,21.91,22.05,35462200,[1 0]
20140106,22.2,22.47,21.61,21.62,105190000,[0 1]
20140107,21.72,21.99,20.92,21.13,128322900,[0 0]
20140108,21.27,21.45,21.19,21.25,180531900,[0 1]
20140109,21.29,21.29,20.7,20.95,54541500,[1 0]
20140110,21.02,21.6,20.97,21.6,61669600,[1 1]
20140113,21.79,21.89,21.5,21.74,99582000,[1 0]
20140114,21.8,22.22,21.8,22.17,161290700,[1 0]
20140115,22.34,22.39,22.0,22.2,41034800,[1 1]
20140116,22.2,22.21,22.0,22.1,53347500,[1 0]
20140117,21.99,22.41,21.91,22.2,41030100,[1 0]
20140120,21.89,22.08,21.89,21.99,5273700,[0 1]
20140121,22.27,22.27,21.63,21.7,71303100,[0 0]
20140122,21.88,21.99,21.76,21.79,132986500,[0 0]
20140123,22.19,22.19,21.79,21.79,60016600,[1 1]
20140124,21.6,21.74,21.0,21.3,62829300,[1 0]
20140127,21.6,21.6,21.0,21.14,38588200,[1 1]
20140128,21.29,21.5,20.89,21.1,50097300,[1 0]
20140129,20.81,21.1,20.4,21.1,47674900,[1 0]
20140130,20.96,20.96,20.12,20.25,238444000,[1 0]
20140131,20.02,20.1,19.83,20.0,209971000,[1 0]
20140203,20.1,20.19,19.8,19.8,24554800,[1 1]
20140204,19.8,19.92,19.5,19.5,21315100,[0 0]
20140205,19.35,19.38,19.08,19.35,50640400,[1 1]
20140206,19.9,19.9,19.1,19.25,146317600,[1 1]
20140207,19.15,19.4,18.8,18.8,596268400,[0 1]
20140210,18.88,19.07,18.59,18.6,235864000,[0 0]
20140211,18.9,18.91,18.6,18.8,106635500,[0 0]
20140212,18.8,18.89,18.59,18.8,16875700,[0 1]
20140213,18.57,18.78,18.27,18.7,59363800,[0 0]
20140214,18.82,19.08,18.53,18.7,116892900,[0 1]
20140217,18.81,18.81,17.85,17.85,308444000,[1 0]
20140218,17.72,17.94,17.02,17.18,82201300,[0 1]
20140219,17.05,17.56,17.05,17.48,80935400,[1 0]
20140220,17.44,18.0,17.39,17.85,98756400,[1 0]
20140221,17.93,18.12,17.5,17.75,52768500,[1 0]
20140224,17.85,17.95,17.54,17.95,89312300,[1 1]
20140225,17.81,17.81,17.31,17.6,131920500,[0 0]
20140226,17.44,18.0,17.41,18.0,99595200,[0 0]
20140227,18.2,18.39,17.85,18.39,160273300,[0 0]
20140228,18.4,18.53,18.12,18.32,348134600,[1 1]
20140305,18.32,18.5,18.14,18.31,24701000,[0 1]
20140306,18.41,18.88,18.24,18.79,759456600,[1 0]
20140307,18.62,18.92,17.9,17.99,354434400,[1 1]
20140310,17.99,17.99,17.39,17.7,441049000,[0 1]
20140311,17.94,18.79,17.94,18.26,551685900,[0 0]
20140312,18.35,18.59,18.2,18.59,100356600,[1 0]
20140313,18.66,19.04,18.51,18.85,129576500,[0 1]
20140314,19.0,19.19,18.16,18.25,826810800,[0 1]
20140317,18.19,18.3,17.8,18.04,232568600,[1 1]
20140318,18.15,18.9,17.9,18.68,285860300,[1 0]
20140319,18.78,19.19,18.42,18.91,295502300,[1 0]
20140320,19.0,19.59,18.91,19.3,723565800,[0 0]
20140321,19.15,20.14,19.03,19.21,1226125500,[1 1]
20140324,19.46,19.8,19.08,19.68,49233700,[0 1]
20140325,19.8,20.5,19.8,20.38,415788600,[1 0]
20140326,20.54,20.79,20.2,20.39,76382700,[1 1]
20140327,20.55,21.5,19.99,21.0,210817700,[0 1]
20140328,20.93,21.48,20.92,21.48,133163000,[1 0]
20140331,21.49,21.79,21.25,21.79,97416200,[1 1]
20140401,21.98,21.98,21.1,21.78,324706000,[0 1]
20140402,21.63,22.37,21.5,21.98,300325200,[1 1]
20140403,21.95,22.08,21.4,21.6,92489800,[0 0]
20140404,21.98,22.13,21.82,21.99,91209800,[0 1]
20140407,22.05,22.19,21.67,21.9,40355100,[0 0]
20140408,22.33,22.39,21.55,21.7,15883900,[0 0]
20140409,21.54,21.54,20.91,21.48,54370000,[0 1]
20140410,21.6,21.9,21.43,21.8,90552700,[0 0]
20140411,21.58,22.2,21.58,22.09,143941300,[0 0]
20140414,22.28,22.68,22.01,22.68,105309000,[0 0]
20140415,22.51,22.67,21.83,22.3,120955700,[0 0]
20140416,22.32,22.59,22.07,22.5,122762200,[0 1]
20140417,22.68,23.1,22.5,23.1,588307900,[0 1]
20140422,23.2,23.75,22.85,23.72,390437100,[1 1]
20140423,23.44,23.44,22.73,22.95,273979100,[0 1]
20140424,22.93,23.05,22.52,22.65,181205200,[0 1]
20140508,22.92,23.0,22.41,22.65,52941500,[0 0]
20140509,22.98,23.41,22.41,22.55,34014200,[0 1]
20140512,22.55,23.88,22.55,23.65,138939000,[1 1]
20140513,23.5,23.95,23.5,23.79,42157000,[0 1]
20140514,23.66,24.75,23.59,24.35,108627400,[1 1]
20140515,24.57,24.64,23.02,23.95,140600500,[0 1]
20140516,23.88,24.45,23.77,24.45,194343500,[1 1]
20140519,24.6,24.6,23.7,24.0,125566500,[1 1]
20140520,23.85,23.85,23.15,23.45,74271800,[0 1]
20140521,23.38,23.58,22.7,23.13,258403900,[0 1]
20140522,22.96,23.53,22.96,23.3,103018200,[1 1]
20140523,23.49,23.69,23.2,23.57,69414800,[1 1]
20140526,23.73,24.15,23.73,24.14,27135500,[0 0]
20140527,23.98,23.98,22.55,22.9,1216527400,[0 0]
20140528,22.8,23.13,22.3,22.51,324657600,[0 0]
20140529,22.6,22.88,22.25,22.88,96623400,[1 1]
20140530,22.58,22.58,21.95,21.95,1721091000,[1 1]
20140602,21.98,22.4,21.86,22.0,167490500,[0 1]
20140603,21.84,22.8,21.83,22.8,203382800,[0 0]
20140604,22.8,22.8,22.5,22.5,173537500,[1 0]
20140605,22.85,22.85,22.35,22.77,77258100,[1 0]
20140606,23.17,23.98,22.53,22.75,111550000,[1 1]
20140609,22.79,23.29,22.79,22.89,174574000,[0 1]
20140610,22.89,23.14,22.3,22.69,149021400,[0 1]
20140611,22.76,23.3,22.76,23.13,75232000,[1 1]
20140613,23.16,23.38,22.77,23.0,34720800,[1 1]
20140616,22.72,22.82,22.44,22.8,345261300,[1 1]
20140617,22.89,23.19,22.8,23.07,19518100,[0 0]
20140618,23.14,24.12,22.94,24.12,116990700,[1 1]
20140620,24.18,24.18,23.2,23.4,173991400,[0 0]
20140623,23.12,23.2,22.63,22.72,454265000,[0 1]
20140624,22.81,23.55,22.2,22.75,253044600,[0 1]
20140625,22.66,22.9,22.2,22.8,78377400,[1 1]
20140626,23.19,23.19,22.48,23.09,72564500,[0 0]
20140627,23.01,23.09,22.83,22.9,41064500,[1 0]
20140630,23.08,23.5,22.75,23.5,111632000,[1 1]
20140701,23.49,23.49,22.7,22.7,278532900,[1 0]
20140702,22.91,23.09,22.06,22.25,301441600,[1 1]
20140703,22.12,22.5,22.01,22.5,246555800,[0 1]
20140704,23.01,23.49,22.85,23.49,80386500,[1 1]
20140707,23.29,23.29,22.82,22.82,49046700,[1 1]
20140708,22.92,23.08,22.86,23.0,24824100,[1 0]
20140710,23.0,23.55,23.0,23.55,1067990200,[1 0]
20140711,23.28,24.15,23.27,24.15,75880600,[1 1]
20140714,24.42,25.22,24.29,24.95,189786300,[1 0]
20140715,24.88,25.19,24.37,24.44,156582600,[1 1]
20140716,24.54,24.82,24.0,24.5,85562700,[1 0]
20140717,24.48,24.89,24.3,24.8,44157900,[1 0]
20140718,25.28,25.87,25.28,25.7,70561200,[0 1]
20140721,25.56,26.15,25.12,25.7,174584300,[1 0]
20140722,25.97,26.26,25.7,26.2,111248100,[1 1]
20140723,26.05,26.37,25.32,26.0,42771300,[0 0]
20140724,25.82,26.48,25.63,26.15,366482600,[0 0]
20140725,26.3,26.45,25.84,26.45,124016800,[0 0]
20140728,26.45,26.88,26.03,26.88,90824700,[1 0]
20140729,26.54,26.56,25.5,25.87,199156700,[1 0]
20140730,26.17,26.17,24.8,24.8,317395300,[0 0]
20140731,24.63,24.72,23.91,24.48,321501500,[1 0]
20140801,24.28,25.38,24.15,25.38,106924300,[1 0]
20140804,25.15,25.87,25.0,25.87,90154700,[1 1]
20140805,25.56,25.88,25.02,25.18,38888000,[0 0]
20140806,25.05,25.73,25.05,25.73,92570300,[1 0]
20140807,25.73,26.19,25.5,26.19,94708400,[0 0]
20140808,26.0,26.0,25.11,25.99,50351400,[0 0]
20140811,26.24,26.24,25.28,26.07,447960500,[1 0]
20140812,25.79,25.9,25.61,25.87,176571700,[0 1]
20140813,26.2,26.2,25.0,25.0,249824600,[1 1]
20140814,24.76,25.25,24.73,24.95,378835400,[0 0]
20140815,24.95,25.4,24.8,25.4,276949600,[1 0]
20140818,25.29,25.36,25.0,25.15,146038300,[1 0]
20140819,25.0,25.23,25.0,25.23,1897648700,[0 1]
20140820,25.3,26.1,25.2,26.1,1081925100,[0 0]
20140821,26.29,26.8,26.09,26.8,177948400,[1 0]
20140822,26.66,26.95,26.35,26.94,64051000,[1 0]
20140825,27.24,27.24,26.55,26.89,113492000,[1 1]
20140826,26.7,26.73,26.0,26.07,165766400,[1 1]
20140827,26.17,27.44,26.17,27.42,103594400,[1 1]
20140828,27.45,27.8,27.17,27.17,143969800,[0 0]
20140829,27.17,27.66,26.61,27.66,365758900,[1 1]
20140901,27.69,27.99,27.3,27.3,172258200,[0 1]
20140902,27.11,27.69,26.64,27.35,72138200,[1 1]
20140903,27.35,27.74,27.06,27.2,114001900,[0 1]
20140904,27.0,27.98,27.0,27.75,91985200,[0 1]
20140905,27.95,28.18,27.45,27.86,156109200,[0 1]
20140908,28.01,28.01,27.0,27.0,197389900,[1 0]
20140909,26.61,26.87,26.0,26.18,211797200,[0 0]
20140910,25.9,26.2,25.6,26.15,77687400,[0 1]
20140911,26.17,26.21,25.6,25.9,61155600,[1 1]
20140912,25.34,25.8,25.08,25.63,114664800,[0 1]
20140915,25.77,25.77,24.75,24.99,74555500,[1 1]
20140916,25.32,25.8,24.8,25.25,136746200,[0 0]
20140917,25.49,25.49,24.9,25.18,29624600,[1 0]
20140918,24.8,25.2,24.65,24.8,158876200,[0 1]
20140919,25.09,25.25,24.51,24.74,39325000,[0 0]
20140922,24.11,24.3,23.36,23.79,115171800,[0 1]
20140923,24.48,24.48,23.31,23.51,65159700,[0 1]
20140924,23.56,23.85,23.23,23.85,182257000,[1 1]
20140925,23.51,24.17,23.51,24.15,175723600,[1 0]
20140926,23.93,24.22,23.7,23.89,161259800,[0 1]
20140929,23.3,23.66,22.7,23.35,90246100,[1 1]
20140930,22.83,23.59,22.83,23.37,148271300,[0 1]
20141001,23.45,23.74,23.0,23.74,38468200,[1 1]
20141002,23.3,24.0,23.21,24.0,40396200,[0 0]
20141003,24.15,24.98,23.61,24.98,211201100,[1 0]
20141006,26.94,27.49,25.34,25.97,250073400,[1 0]
20141007,26.2,26.69,25.93,26.58,246768300,[0 0]
20141008,27.16,27.16,26.2,26.6,75893400,[1 1]
20141009,26.89,27.19,25.32,25.6,90307900,[0 0]
20141010,25.73,25.84,24.5,25.2,157224200,[0 0]
20141013,25.72,26.49,25.61,25.62,65676100,[1 0]
20141014,25.29,25.38,24.52,24.95,230718700,[1 0]
20141015,24.66,24.66,23.61,24.57,228484000,[1 1]
20141016,23.71,24.5,23.63,23.88,120815000,[1 0]
20141017,24.58,24.58,23.2,23.41,898856400,[1 1]
20141020,23.3,23.73,22.98,23.45,236351500,[1 1]
20141021,23.0,23.2,21.8,22.3,112739700,[1 0]
20141022,22.5,23.27,22.45,22.6,45858900,[1 1]
20141023,22.18,22.38,21.75,21.85,230510900,[0 1]
20141024,21.6,22.79,21.4,22.5,147505800,[1 0]
20141027,21.44,21.91,20.39,21.35,314674800,[0 0]
20141028,21.78,22.64,21.59,22.64,135852800,[0 0]
20141029,22.64,22.79,22.18,22.72,109522000,[1 0]
20141030,22.86,23.7,22.52,23.7,124975800,[1 0]
20141031,24.13,24.49,23.4,24.49,128742300,[0 1]
20141103,24.45,24.66,24.01,24.5,76669200,[1 0]
20141104,24.68,24.93,24.25,24.58,173174500,[1 0]
20141105,24.65,24.7,23.78,23.95,205746200,[1 0]
20141106,23.95,23.95,23.11,23.5,110705700,[1 0]
20141119,22.88,23.45,22.55,23.45,112622300,[0 0]
20141121,23.44,25.0,23.44,25.0,76525500,[1 0]
20141124,25.0,25.0,24.25,24.42,81400700,[1 1]
20141125,24.77,24.95,23.7,24.22,190662900,[0 0]
20141126,24.75,24.75,24.29,24.6,28724800,[0 1]
20141127,24.83,25.0,24.78,24.99,103746200,[0 1]
20141128,24.37,25.04,23.8,24.15,467187000,[1 1]
20141201,23.8,24.11,23.26,23.59,65140600,[1 1]
20141202,23.9,23.9,23.5,23.5,78615900,[1 1]
20141203,23.77,23.87,23.46,23.51,63516500,[0 1]
20141204,23.94,23.94,23.13,23.6,34151300,[1 0]
20141205,23.42,23.5,23.13,23.13,30905200,[1 1]
20141208,23.27,23.89,22.64,23.0,20083800,[0 0]
20141209,22.54,23.2,21.96,22.4,226706600,[0 1]
20141210,22.34,23.0,22.06,23.0,121361600,[1 1]
20141211,22.93,22.99,22.75,22.82,59054200,[1 0]
20141212,22.82,23.8,22.74,23.69,90263000,[1 1]
20141215,23.89,24.5,23.52,24.28,119546300,[1 0]
20141216,23.92,24.05,23.23,23.65,216662100,[1 1]
20141217,23.64,24.17,22.73,23.85,72484400,[0 0]
20141218,23.97,24.29,23.17,23.62,64878900,[1 1]
20141219,23.64,24.2,23.64,23.99,71403300,[0 1]
20141222,23.9,24.41,23.7,23.84,134254100,[1 1]
20141223,23.61,24.5,23.51,24.3,160968900,[1 1]
20141226,24.49,24.89,24.45,24.65,191472900,[0 0]
20141229,24.74,25.0,24.27,24.99,45020900,[1 0]
20141230,25.15,25.38,24.85,24.9,213524000,[0 0]
20150102,24.0,24.5,23.43,23.98,46043300,[0 1]
20150105,23.11,23.43,22.81,23.0,75017600,[1 1]
20150106,22.95,23.2,22.6,22.65,82830000,[0 1]
20150107,23.32,24.36,23.1,23.8,77811000,[0 1]
20150108,24.22,24.22,23.59,23.79,60751000,[0 1]
20150109,23.41,23.41,22.58,23.0,28152200,[1 0]
20150112,22.85,22.94,22.0,22.0,50378200,[1 0]
20150113,22.0,22.55,21.79,22.3,70510400,[0 1]
20150114,22.01,22.69,21.9,22.6,19590600,[1 0]
20150115,23.25,23.89,22.95,22.95,8584400,[1 0]
20150116,23.44,23.9,23.43,23.9,79570000,[1 1]
20150119,23.36,23.36,22.22,22.3,56247700,[1 1]
20150120,22.4,22.4,21.7,21.7,389655400,[1 0]
20150121,21.99,22.39,21.6,22.39,24979100,[1 1]
20150122,22.37,23.4,22.37,22.8,11818400,[0 1]
20150123,22.83,22.84,21.86,22.55,42610900,[0 0]
20150126,22.0,22.43,21.6,22.43,40303900,[0 1]
20150127,22.02,22.7,21.7,22.1,113414700,[1 1]
20150128,22.51,22.51,21.41,21.79,147979000,[1 1]
20150129,21.78,22.7,21.78,22.4,26527400,[1 0]
20150130,21.8,22.2,21.22,21.8,59856200,[1 1]
20150202,21.61,23.4,21.34,23.4,71379500,[0 1]
20150203,23.98,23.98,22.53,23.98,66082500,[1 1]
20150204,23.38,23.64,22.32,22.98,218840000,[0 1]
20150205,22.77,23.05,21.5,21.84,267417200,[1 0]
20150206,21.5,22.0,21.35,21.98,101524900,[1 0]
20150209,21.78,22.41,21.58,21.96,149643800,[1 1]
20150210,21.66,22.01,21.5,21.65,129003200,[0 1]
20150211,21.25,21.3,20.65,21.3,315600600,[0 1]
20150212,21.4,22.26,21.4,22.2,34014700,[0 1]
20150213,22.2,23.19,22.19,22.94,47163800,[1 0]
20150218,22.41,22.8,21.81,22.6,37028300,[1 1]
20150219,22.6,22.93,22.6,22.7,34507200,[0 1]
20150220,22.49,22.5,21.89,22.39,30882100,[0 1]
20150223,21.96,22.76,21.95,22.41,48859800,[1 0]
20150224,22.33,22.59,22.25,22.3,156332900,[0 1]
20150225,22.0,22.39,21.85,22.25,91193600,[1 1]
20150226,22.4,22.73,21.94,22.55,312060100,[1 1]
20150227,22.79,23.76,22.73,23.5,236402600,[0 1]
20150302,23.36,23.49,23.01,23.25,95796700,[0 1]
20150303,23.3,23.8,22.6,22.95,212708400,[0 0]
20150304,22.95,22.95,22.15,22.2,125037800,[1 0]
20150305,22.29,22.62,22.01,22.01,18371100,[1 0]
20150306,22.28,22.75,21.94,22.75,96040500,[1 0]
20150309,22.65,22.65,21.95,22.0,150503300,[0 0]
20150310,21.84,22.35,21.52,22.28,136448000,[1 1]
20150311,22.34,22.49,21.85,22.0,76109600,[0 0]
20150312,22.34,22.99,22.28,22.97,83887600,[1 0]
20150313,22.72,22.72,21.9,21.9,120777600,[0 1]
20150316,22.0,22.42,21.54,22.05,137618200,[1 0]
20150317,21.98,23.1,21.85,23.1,54422500,[1 0]
20150318,22.93,23.67,22.8,23.2,64167800,[0 1]
20150319,23.22,23.3,22.8,23.0,25951800,[1 1]
20150320,23.6,24.39,22.64,24.37,254144000,[0 0]
20150323,24.01,24.44,23.79,23.99,81058600,[0 0]
20150324,24.12,24.47,23.6,23.89,18903800,[1 0]
20150325,24.0,24.5,23.51,23.59,59750300,[0 0]
20150326,23.28,23.28,22.65,22.89,64129000,[1 1]
20150327,22.98,23.54,22.5,22.5,66824400,[0 1]
20150330,22.8,23.4,22.8,23.0,66503700,[0 0]
20150331,23.15,23.5,22.83,23.5,174707600,[1 0]
20150401,23.5,24.34,23.5,24.15,65187200,[1 0]
20150402,24.27,25.26,24.27,24.8,57674100,[1 1]
20150406,24.94,25.62,24.94,25.2,42230000,[0 0]
20150407,25.2,25.59,24.13,24.5,90359100,[1 1]
20150408,24.92,25.11,23.7,23.9,62517000,[0 0]
20150409,23.9,23.9,23.2,23.2,65745400,[1 0]
20150410,23.21,24.4,23.07,24.4,119743500,[1 0]
20150413,24.37,24.71,24.01,24.21,122100900,[1 1]
20150414,24.67,24.67,23.7,24.15,40457200,[1 0]
20150415,24.06,24.68,24.06,24.4,24299000,[0 0]
20150416,24.39,24.61,23.81,24.5,73276300,[1 0]
20150417,24.68,24.68,24.18,24.2,55586800,[1 1]
20150420,24.19,24.3,23.7,24.09,61040600,[1 1]
20150422,24.49,24.49,23.12,23.4,314176500,[0 0]
20150423,23.4,24.1,23.25,23.6,248171300,[1 0]
20150507,23.74,23.75,23.48,23.6,30426400,[0 1]
20150508,23.99,23.99,23.15,23.8,44286900,[1 0]
20150511,23.8,24.19,23.55,24.1,230196000,[1 0]
20150512,23.73,23.99,23.55,23.99,68993200,[1 0]
20150513,23.46,23.67,23.03,23.1,196963300,[1 0]
20150514,23.49,23.49,22.51,22.8,82586800,[1 1]
20150515,22.99,23.69,22.99,23.65,117607800,[0 0]
20150518,23.89,24.1,23.26,23.7,1105345500,[1 0]
20150519,23.8,24.6,23.8,24.45,437520600,[0 1]
20150520,24.01,24.35,23.58,24.05,343840500,[1 0]
20150521,23.99,23.99,23.27,23.62,215005800,[1 0]
20150522,23.55,23.55,23.2,23.3,407831000,[1 1]
20150525,23.18,24.0,23.16,24.0,27586200,[1 1]
20150526,23.7,23.7,23.22,23.22,472122300,[0 1]
20150527,23.0,23.0,22.3,22.76,323884200,[0 1]
20150528,22.99,22.99,22.2,22.2,325643100,[0 0]
20150529,22.02,22.35,21.5,21.5,794730100,[0 1]
20150601,21.69,22.15,21.45,21.95,424408700,[0 0]
20150602,22.39,22.39,21.75,22.17,324162900,[0 1]
20150603,21.99,22.35,21.73,22.2,291802100,[1 1]
20150605,22.55,22.55,21.6,21.6,156010100,[1 1]
20150608,21.85,21.99,21.43,21.45,225300600,[0 1]
20150609,21.97,22.26,21.2,22.11,223838200,[1 1]
20150610,22.24,22.54,21.82,22.35,254417300,[0 0]
20150611,22.12,22.35,21.85,22.34,99216900,[1 1]
20150612,22.28,22.34,21.8,22.34,302771900,[0 1]
20150615,22.04,22.08,21.76,21.76,190682000,[1 1]
20150616,22.18,22.4,21.5,22.4,131162700,[0 0]
20150617,22.47,22.64,22.3,22.64,98951800,[1 1]
20150618,22.69,22.99,22.56,22.95,190051400,[0 1]
20150619,22.71,22.85,22.25,22.7,148550900,[0 1]
20150622,22.99,23.17,22.71,23.17,85459300,[0 1]
20150623,23.2,23.67,22.84,23.25,146576000,[1 0]
20150624,23.05,23.68,23.05,23.45,183453800,[1 1]
20150625,23.28,23.3,22.33,22.4,331908000,[1 1]
20150626,22.74,23.14,22.23,23.14,529808900,[1 1]
20150629,22.65,23.3,22.24,23.3,342375200,[0 0]
20150630,23.14,23.65,22.72,23.65,1008529700,[1 0]
20150701,23.21,23.64,22.55,22.86,200284700,[0 1]
20150702,23.1,23.47,23.01,23.34,85275400,[1 0]
20150703,23.33,23.59,23.07,23.28,152126200,[1 0]
20150706,23.46,23.46,22.7,22.88,95028500,[0 1]
20150707,22.72,22.9,22.53,22.75,141329100,[1 1]
20150708,22.79,23.09,22.75,22.75,102577400,[1 0]
20150710,23.04,23.25,23.0,23.15,62405300,[1 1]
20150713,23.11,23.46,23.1,23.35,36833900,[1 1]
20150714,23.35,23.8,23.29,23.78,59819100,[0 1]
20150715,23.7,23.98,23.63,23.63,43566700,[1 0]
20150716,23.8,23.93,23.59,23.88,38801200,[0 0]
20150717,23.6,23.6,23.4,23.4,17848700,[1 1]
20150720,23.3,23.5,22.86,23.5,28168100,[0 0]
20150721,23.52,23.52,22.99,23.0,40843200,[1 1]
20150722,22.86,23.1,22.85,23.03,14270100,[1 1]
20150723,23.07,23.09,22.32,22.8,71499200,[1 1]
20150724,22.67,22.7,21.99,22.55,44052800,[0 1]
20150727,22.49,22.62,22.44,22.47,53988800,[0 1]
20150728,22.75,22.8,22.0,22.0,50062100,[0 1]
20150729,22.17,22.44,22.03,22.18,58595700,[0 1]
20150730,22.35,22.95,22.35,22.95,171379500,[0 1]
20150731,22.95,23.59,22.63,23.59,118101300,[1 0]
20150803,23.5,23.9,23.4,23.4,47098500,[1 1]
20150804,23.88,23.88,23.31,23.42,52396000,[1 1]
20150805,22.95,23.07,22.8,23.0,47283100,[0 1]
20150806,22.66,22.79,22.47,22.74,48833300,[0 1]
20150807,22.5,22.7,22.15,22.48,174857500,[1 1]
20150810,22.21,22.79,21.63,21.87,62454800,[0 0]
20150811,21.65,21.85,21.5,21.85,14982100,[0 1]
20150812,22.0,22.11,21.36,21.98,32989100,[0 1]
20150813,21.84,22.0,21.54,22.0,71463800,[1 1]
20150814,21.51,21.98,21.25,21.87,43629900,[1 0]
20150817,21.85,21.91,21.75,21.79,21146900,[0 1]
20150818,21.56,22.31,21.31,22.2,62336300,[1 0]
20150819,22.2,22.2,21.0,21.8,73941800,[1 0]
20150820,21.5,21.99,21.2,21.99,67309700,[1 0]
20150821,21.61,21.63,20.79,21.0,151029100,[0 0]
20150824,20.0,20.59,19.82,20.3,16766500,[1 0]
20150825,20.59,20.59,20.3,20.5,38732700,[0 1]
20150826,20.89,21.5,20.6,21.5,56689600,[0 1]
20150827,21.47,21.89,21.14,21.89,134109600,[1 0]
20150828,21.67,21.67,20.92,20.98,365632200,[0 1]
20150831,20.66,21.35,20.11,21.35,140018300,[1 0]
20150901,20.79,20.81,20.06,20.11,233845700,[1 1]
20150902,20.41,20.41,19.6,20.3,36545400,[0 0]
20150903,20.3,21.0,19.88,20.93,33803800,[0 1]
20150904,20.9,20.91,20.2,20.54,256358400,[1 1]
20150908,20.86,20.94,20.4,20.94,89821300,[0 1]
20150909,21.29,21.29,20.7,21.0,23240400,[1 0]
20150910,20.98,21.89,20.98,21.89,93483500,[0 0]
20150911,21.89,22.15,21.6,22.06,48268600,[1 1]
20150914,22.26,23.0,22.26,23.0,82867100,[1 0]
20150915,22.81,23.18,22.4,22.4,148261900,[0 0]
20150916,22.46,23.0,22.35,23.0,1324208900,[0 1]
20150917,22.98,22.99,22.46,22.96,724666900,[0 0]
20150918,22.41,22.79,22.15,22.5,102115800,[0 1]
20150921,22.2,22.58,22.0,22.35,151325300,[0 1]
20150922,22.06,22.06,21.29,21.95,247883600,[0 1]
20150923,21.65,21.65,21.0,21.0,490883900,[1 0]
20150924,20.99,21.17,20.14,20.99,402955800,[0 1]
20150925,21.13,21.17,20.25,20.95,252966600,[0 1]
20150928,21.0,21.0,20.64,20.98,122999300,[0 0]
20150929,21.0,21.25,20.5,20.7,1290551100,[1 0]
20150930,21.0,21.55,20.9,21.55,396475300,[0 1]
20151001,21.35,21.42,20.77,20.96,63004700,[1 1]
20151002,20.75,21.9,20.68,21.9,365880400,[0 0]
20151005,21.9,22.09,21.5,21.5,66794300,[1 1]
20151006,21.7,22.06,21.1,21.5,351056400,[1 0]
20151007,21.64,21.73,21.04,21.3,273347500,[1 0]
20151008,21.05,21.3,21.02,21.1,57609600,[1 0]
20151009,21.25,21.38,21.0,21.38,72964300,[1 0]
20151013,21.4,21.85,21.02,21.85,78959300,[1 1]
20151014,21.55,22.09,21.47,21.6,134199200,[1 1]
20151015,21.62,22.12,21.6,22.12,69758500,[0 1]
20151016,22.3,22.84,21.46,22.84,503951900,[1 0]
20151019,22.54,23.06,22.12,22.85,351093600,[1 0]
20151020,22.85,23.12,22.4,22.65,199012900,[0 0]
20151021,22.98,22.98,22.16,22.94,167107400,[1 0]
20151022,22.63,23.5,22.63,23.25,166190700,[1 1]
20151023,23.25,23.49,22.82,23.14,267765900,[0 1]
20151026,23.07,23.07,21.41,21.53,275870800,[1 1]
20151027,21.5,21.98,21.25,21.98,188417000,[1 0]
20151028,21.68,21.87,21.3,21.67,197964100,[0 1]
20151029,21.34,21.69,21.02,21.02,141037400,[0 0]
20151030,21.03,21.99,20.98,21.99,274338400,[0 1]
20151103,21.58,22.77,21.58,22.45,187844000,[1 0]
20151104,22.7,22.98,22.59,22.74,164033200,[1 0]
20151105,22.79,23.19,22.4,23.19,109874400,[1 0]
20151106,23.2,23.25,22.02,22.3,85441300,[1 0]
20151109,22.34,22.35,21.72,21.9,43415100,[1 1]
20151110,21.57,22.06,21.31,21.91,60804900,[0 0]
20151111,22.01,22.57,22.01,22.55,33938600,[0 0]
20151112,22.11,22.11,20.43,20.49,230608100,[1 0]
20151113,20.5,20.73,20.4,20.4,118606800,[1 0]
20151116,20.36,20.9,20.35,20.5,91962600,[1 1]
20151117,20.5,20.54,20.15,20.2,132020200,[1 0]
20151118,20.2,20.59,20.2,20.35,94067200,[0 0]
20151119,20.43,20.59,20.1,20.3,119772100,[0 0]
20151123,20.43,20.48,19.92,20.1,325230100,[0 0]
20151124,20.1,20.15,19.85,19.9,147403100,[1 1]
20151125,19.9,20.21,19.81,20.0,232544700,[0 1]
20151126,20.15,20.43,19.96,20.3,40008400,[1 0]
20151127,19.98,20.19,19.32,19.32,80468100,[1 1]
20151130,19.3,19.49,19.2,19.2,445130700,[1 1]
20151201,19.2,19.24,18.65,18.75,203385200,[0 1]
20151202,18.99,18.99,18.05,18.29,149961700,[1 0]
20151203,18.83,19.03,18.0,18.0,50839300,[1 1]
20151204,18.0,18.0,17.7,17.8,149549700,[0 1]
20151207,17.7,18.23,17.5,17.55,42105800,[1 1]
20151208,17.46,17.58,17.05,17.05,155408600,[0 0]
20151209,17.32,18.12,17.3,17.65,255340300,[0 1]
20151210,17.6,17.79,17.18,17.79,29721700,[0 0]
20151211,17.5,17.77,17.39,17.48,115880200,[0 0]
20151214,17.11,17.4,16.51,16.65,85933200,[1 0]
20151215,17.0,17.02,16.65,16.65,24416000,[1 0]
20151216,16.59,17.38,16.49,16.98,75073700,[0 1]
20151217,17.46,17.68,17.31,17.5,43233500,[0 1]
20151218,17.0,17.03,16.58,16.65,162762200,[1 0]
20151221,16.52,16.53,16.27,16.5,109272500,[1 0]
20151222,16.05,16.57,16.05,16.27,41474600,[1 1]
20151223,16.55,16.89,16.33,16.46,96167200,[1 0]
20151228,16.04,16.21,15.9,15.9,98859300,[1 0]
20151229,15.91,16.15,15.73,15.97,53951300,[1 1]
20151230,15.74,16.12,15.4,16.0,245900000,[1 0]
20160104,15.51,15.58,15.2,15.3,58235900,[0 0]
20160105,15.45,15.45,15.2,15.25,180565000,[0 0]
20160106,15.23,15.47,14.96,15.29,54544400,[0 0]
20160107,15.4,15.4,14.49,14.55,69422200,[1 1]
20160108,14.72,14.72,13.96,14.22,72572200,[1 1]
20160111,14.46,14.46,13.78,13.85,92188000,[1 0]
20160112,14.2,14.4,13.97,14.15,44162100,[1 0]
20160113,13.92,13.93,13.47,13.77,232391300,[1 1]
20160114,13.55,13.63,13.0,13.25,135112700,[0 1]
20160115,12.95,12.99,12.64,12.7,136980700,[0 0]
20160118,12.7,12.84,12.12,12.16,7422500,[0 0]
20160119,12.47,12.47,12.04,12.23,11339500,[0 1]
20160120,12.0,12.14,11.8,12.07,95886600,[0 0]
20160121,12.03,12.35,12.03,12.3,7085700,[1 1]
20160122,12.42,13.18,12.35,13.18,46316200,[1 0]
20160126,12.9,13.1,12.6,12.9,14632200,[0 1]
20160127,13.05,13.82,13.05,13.64,41603500,[1 1]
20160128,13.7,13.94,13.34,13.94,23926500,[0 0]
20160129,13.94,14.57,13.81,14.4,71257900,[0 0]
20160201,14.5,14.78,14.3,14.4,21331600,[0 1]
20160202,14.04,14.23,14.0,14.23,3960400,[1 0]
20160203,14.25,14.78,14.16,14.61,31567300,[1 0]
20160204,14.71,15.63,14.71,15.3,47710900,[1 1]
20160205,15.47,16.28,15.47,16.0,72409400,[1 1]
20160210,16.0,16.14,15.9,16.0,36631600,[1 1]
20160211,15.7,15.7,14.7,14.98,93862800,[1 0]
20160212,14.77,15.0,14.71,14.98,27574200,[0 1]
20160215,15.34,15.34,14.85,14.98,12456700,[0 0]
20160216,14.98,15.8,14.98,15.8,37686000,[1 1]
20160217,15.87,16.47,15.71,16.14,80471400,[1 0]
20160218,15.84,15.94,15.22,15.9,34094500,[0 0]
20160219,15.6,15.63,15.36,15.5,62978900,[0 1]
20160222,15.74,16.42,15.68,16.3,19133000,[0 1]
20160223,16.44,16.44,15.5,15.5,103743400,[1 0]
20160224,15.11,15.15,14.8,15.0,18898500,[1 1]
20160225,15.12,15.42,14.91,15.4,30550000,[0 1]
20160226,15.49,15.65,14.88,15.0,12761000,[0 0]
20160229,15.44,15.59,15.21,15.48,40675400,[1 0]
20160301,15.85,16.1,15.7,15.7,35076800,[1 1]
20160302,15.49,16.0,15.49,15.99,30317800,[0 1]
20160303,16.45,17.39,15.99,17.0,27752800,[1 1]
20160304,17.2,18.25,17.2,18.0,60300800,[1 1]
20160307,18.28,18.35,17.88,17.9,14086100,[0 0]
20160308,18.05,18.69,17.75,18.69,23506000,[1 0]
20160309,18.79,18.97,18.25,18.49,77865700,[1 0]
20160310,17.9,17.9,16.95,17.55,636703800,[0 0]
20160311,17.8,18.75,17.77,18.48,576438000,[1 1]
20160314,18.5,18.87,17.63,17.98,269239200,[0 1]
20160315,17.6,17.6,15.72,16.15,73076300,[1 0]
20160316,15.98,16.39,15.83,16.39,53823900,[1 0]
20160317,17.19,18.0,17.15,18.0,73891400,[0 0]
20160318,18.1,18.4,17.77,17.99,72542300,[0 1]
20160321,18.8,19.66,18.4,19.57,31463500,[0 1]
20160322,19.57,19.9,18.7,19.36,45571800,[1 0]
20160323,19.37,19.37,18.0,18.3,44609500,[1 1]
20160324,17.71,18.65,17.47,18.65,23612200,[1 1]
20160328,18.65,19.23,18.65,18.95,48040600,[1 1]
20160329,19.19,19.45,18.95,19.2,15133700,[1 1]
20160330,19.02,19.8,18.99,19.0,49075500,[1 1]
20160331,19.01,19.01,18.44,18.44,74889600,[1 1]
20160401,18.9,19.47,18.9,19.25,6547400,[1 0]
20160404,18.7,18.7,17.9,18.35,40608900,[1 1]
20160405,17.92,18.87,17.9,18.16,17685700,[1 1]
20160406,17.92,17.92,17.2,17.45,25101100,[1 0]
20160407,17.92,17.92,17.7,17.83,9274500,[0 1]
20160408,17.9,18.99,17.9,18.75,25101100,[0 1]
20160411,18.8,18.85,18.13,18.2,27271700,[0 0]
20160412,18.98,18.98,18.2,18.79,12497700,[1 1]
20160413,18.9,19.6,18.9,19.6,39688200,[0 1]
20160414,19.73,19.73,18.4,18.89,41927200,[1 0]
20160415,18.8,19.23,18.65,18.94,26172900,[0 0]
20160418,18.99,19.09,18.7,18.7,7536100,[1 1]
20160419,18.75,19.19,18.75,19.0,7418200,[0 0]
20160420,19.2,19.24,18.98,19.12,9563700,[0 1]
20160422,18.9,19.34,18.82,19.25,18303100,[0 0]
20160425,19.3,19.45,18.86,19.4,14106900,[0 0]
20160426,19.01,19.48,18.98,19.37,11216000,[0 0]
20160427,19.26,19.72,19.26,19.5,34184400,[1 0]
20160428,19.55,19.73,19.38,19.38,18128200,[1 0]
20160511,18.32,18.4,17.63,18.27,6156600,[1 1]
20160512,18.48,18.89,18.08,18.89,90409000,[1 0]
20160513,18.7,18.7,17.63,17.63,36685500,[0 0]
20160516,17.44,17.44,16.9,17.25,35533600,[1 0]
20160517,16.54,17.15,16.54,16.99,11952400,[0 0]
20160518,16.68,16.8,16.35,16.4,41842800,[1 1]
20160519,16.01,16.47,15.92,16.47,19601100,[1 1]
20160520,16.31,16.7,16.26,16.7,9742800,[0 0]
20160523,16.25,16.44,15.9,16.44,31160800,[0 1]
20160524,16.23,16.3,15.36,15.66,59394100,[0 1]
20160525,15.77,16.1,15.53,15.8,20883200,[1 1]
20160527,15.95,16.15,15.83,15.9,27707700,[0 0]
20160530,15.85,15.85,15.61,15.84,9933600,[0 1]
20160531,15.55,15.76,15.53,15.75,29670900,[1 0]
20160601,15.75,15.75,15.4,15.49,62863200,[1 0]
20160602,15.5,15.85,15.4,15.8,72933100,[0 1]
20160603,15.97,15.99,15.55,15.68,59317500,[0 1]
20160606,15.5,15.85,15.42,15.5,26547500,[0 1]
20160607,15.42,15.89,15.4,15.89,25180300,[0 1]
20160608,15.6,17.0,15.6,17.0,73518300,[1 0]
20160609,16.9,16.9,16.2,16.88,106096300,[0 1]
20160610,16.51,16.99,16.03,16.47,31242100,[1 0]
20160613,16.47,16.6,16.29,16.6,39596200,[0 0]
20160614,16.4,16.4,16.15,16.2,12497800,[1 0]
20160615,16.28,16.66,16.19,16.24,25541000,[1 1]
20160616,16.2,17.14,16.0,17.1,126104700,[0 0]
20160617,17.03,17.53,17.02,17.45,19991800,[1 0]
20160620,17.4,17.97,17.4,17.82,36760700,[0 0]
20160621,17.79,19.23,17.79,18.64,74875000,[0 1]
20160622,18.55,19.22,18.55,18.98,235021100,[0 0]
20160623,19.37,20.4,19.37,20.37,317941600,[0 1]
20160624,19.8,19.8,19.2,19.4,70528200,[0 1]
20160627,19.36,19.58,19.0,19.58,67364600,[0 0]
20160628,19.93,20.15,19.68,20.0,199037000,[0 1]
20160629,20.0,20.79,20.0,20.79,100419000,[1 1]
20160630,20.41,20.42,18.99,20.04,229613800,[0 0]
20160701,20.19,20.39,19.2,19.9,215006900,[1 0]
20160704,20.0,20.1,19.82,19.9,34332100,[0 1]
20160705,19.85,20.2,19.64,20.2,26689600,[0 1]
20160706,20.0,20.0,19.79,19.85,15686000,[1 1]
20160707,19.9,19.9,19.64,19.9,11287800,[0 1]
20160708,19.87,20.08,19.62,19.81,128665600,[0 0]
20160711,19.99,21.48,19.99,21.48,120179400,[0 0]
20160712,21.45,21.51,21.02,21.19,240383800,[1 1]
20160713,21.1,21.3,21.1,21.25,33999800,[0 1]
20160714,21.25,21.85,21.25,21.5,110124500,[0 1]
20160715,21.4,21.5,21.1,21.33,46854100,[0 1]
20160718,21.35,22.0,21.3,21.89,118735500,[0 0]
20160719,21.8,21.89,21.37,21.89,25134000,[1 1]
20160720,21.79,21.99,21.58,21.95,14224100,[1 1]
20160721,21.9,22.0,21.78,21.9,30868000,[1 1]
20160722,21.89,22.58,21.89,22.58,23583800,[0 1]
20160725,22.37,22.5,21.68,22.5,13927000,[1 1]
20160726,22.03,22.45,22.01,22.33,159636900,[1 1]
20160727,22.35,22.35,21.58,21.6,48140100,[0 0]
20160728,21.51,21.51,20.5,21.33,50839500,[1 1]
20160729,21.23,21.44,20.91,21.3,32381800,[0 0]
20160801,21.39,21.63,20.75,21.49,47299800,[0 0]
20160802,21.21,21.21,20.46,20.88,34958200,[0 0]
20160803,20.36,21.27,20.28,21.26,21037300,[0 1]
20160804,21.3,21.5,21.25,21.5,50844300,[1 0]
20160805,21.5,21.95,20.9,21.94,283604400,[1 1]
20160808,21.74,21.89,20.85,21.38,95576700,[1 1]
20160809,21.29,21.3,20.6,21.15,73788200,[0 1]
20160810,21.3,21.3,20.69,21.1,61780800,[0 1]
20160811,20.7,21.5,20.69,21.5,104763700,[0 1]
20160812,21.6,21.6,21.02,21.3,150895700,[0 0]
20160815,21.45,22.33,21.42,22.2,128758400,[0 0]
20160816,22.01,22.39,22.0,22.25,31365400,[0 0]
20160817,22.49,22.49,21.73,22.35,70264300,[1 1]
20160818,22.29,22.38,22.21,22.38,65250800,[1 0]
20160819,22.45,22.61,22.14,22.5,51475200,[1 1]
20160822,22.5,22.57,22.25,22.42,22426100,[0 0]
20160823,22.15,22.35,21.81,22.27,72310900,[1 1]
20160824,21.93,22.55,21.89,22.5,80505300,[1 0]
20160825,22.49,22.7,22.21,22.7,105519500,[0 1]
20160826,22.75,23.15,21.8,21.94,98490100,[1 1]
20160829,22.3,22.66,22.23,22.52,32131600,[0 1]
20160830,22.53,22.53,21.81,21.96,70146400,[0 0]
20160831,22.29,22.4,21.13,21.37,115817900,[1 0]
20160901,21.59,21.84,21.22,21.68,174379700,[1 0]
20160902,21.99,22.96,21.99,22.89,37306000,[1 0]
20160905,23.3,23.4,23.19,23.29,16514300,[0 0]
20160906,23.47,23.5,22.38,22.77,66482700,[1 1]
20160908,22.89,22.91,22.31,22.57,76439700,[1 1]
20160909,22.23,22.23,21.59,21.8,65165900,[0 1]
20160912,21.7,21.97,21.62,21.7,37821200,[1 1]
20160913,21.65,21.65,21.07,21.09,13351500,[0 0]
20160914,20.91,21.0,20.7,20.8,92499900,[0 0]
20160915,21.04,21.53,21.04,21.45,64655900,[1 1]
20160916,21.17,21.39,20.6,20.6,154933100,[0 0]
20160919,20.92,21.56,20.92,21.56,14916800,[1 1]
20160920,21.91,22.46,21.9,22.27,54485800,[1 1]
20160921,22.43,22.57,21.89,22.3,115029700,[0 1]
20160922,22.66,22.8,21.73,22.4,229116700,[0 0]
20160923,22.2,22.77,21.94,22.03,139123700,[1 1]
20160926,21.91,22.0,21.72,21.8,96387900,[0 1]
20160927,21.82,21.88,21.51,21.78,42787800,[1 1]
20160928,21.8,22.0,21.5,21.65,169494900,[0 0]
20160929,21.71,22.19,21.56,21.59,127007100,[1 0]
20160930,21.57,21.57,20.9,21.15,115843200,[1 0]
20161003,21.58,21.58,20.96,21.1,152883300,[1 1]
20161004,21.48,21.48,20.92,20.94,45357000,[0 0]
20161005,21.49,21.9,21.0,21.4,309505100,[1 1]
20161006,21.22,21.31,21.02,21.02,181980000,[1 1]
20161007,21.29,21.33,21.03,21.15,54924600,[0 1]
20161010,21.25,21.48,21.16,21.32,125108200,[0 1]
20161011,21.2,21.53,21.14,21.53,105095100,[0 1]
20161013,21.64,21.99,21.41,21.71,61383500,[0 0]
20161014,21.84,22.6,21.84,22.05,442483300,[0 1]
20161017,22.07,22.34,21.98,22.15,632960000,[0 1]
20161018,22.32,22.91,22.29,22.66,81337900,[1 1]
20161019,22.68,23.5,22.68,23.15,139362500,[1 1]
20161020,23.15,23.6,22.78,23.25,77327900,[0 0]
20161021,23.01,23.52,22.85,23.52,655741900,[0 0]
20161024,23.42,23.54,23.26,23.33,145172600,[0 1]
20161025,23.32,23.35,22.8,23.02,201590000,[1 1]
20161026,23.0,23.19,22.8,22.91,112891500,[0 1]
20161027,23.24,23.64,23.21,23.38,106299300,[1 0]
20161028,23.4,23.64,23.2,23.3,61139200,[0 1]
20161031,23.28,23.67,23.28,23.65,221284800,[1 1]
20161101,23.68,24.2,23.13,23.15,291624800,[0 1]
20161103,23.38,23.55,23.04,23.39,540327500,[0 0]
20161104,23.16,23.7,22.93,23.1,103347300,[1 1]
20161107,23.56,24.28,23.41,24.22,53143300,[1 0]
20161108,24.24,25.0,24.24,24.81,156916100,[0 0]
20161109,24.54,24.56,23.66,24.4,63693900,[1 1]
20161110,24.43,24.43,23.0,23.7,139929600,[1 0]
20161111,23.49,23.49,20.0,20.71,499889400,[1 1]
20161114,21.25,21.25,19.68,20.0,103924400,[1 1]
20161116,20.17,20.78,19.91,20.78,76251400,[0 0]
20161117,21.19,21.2,19.88,19.88,133138000,[0 1]
20161118,19.87,20.47,19.87,20.35,35017000,[1 0]
20161121,20.31,20.6,20.25,20.59,109768100,[0 1]
20161122,20.8,20.9,20.59,20.7,16818700,[1 1]
20161123,20.7,20.86,20.48,20.8,44150000,[0 0]
20161124,20.8,20.98,20.8,20.98,6459100,[0 1]
20161125,20.84,21.15,20.69,20.99,16262800,[0 0]
20161128,20.99,21.27,20.83,21.24,21917500,[0 1]
20161129,21.15,21.4,20.8,21.4,29620200,[0 0]
20161130,21.4,21.4,20.85,21.0,87379400,[0 1]
20161201,21.15,21.15,19.92,19.92,69278100,[0 1]
20161202,19.95,20.05,19.8,19.8,39542400,[1 1]
20161205,20.01,20.01,19.77,19.8,15256800,[1 0]
20161206,19.74,19.74,19.11,19.7,43153000,[0 0]
20161207,19.92,20.1,19.8,19.85,89049300,[1 0]
20161208,19.72,20.5,19.66,19.8,42348000,[1 0]
20161209,19.81,20.1,19.8,20.1,58699800,[1 0]
20161212,19.75,19.92,19.65,19.9,42910200,[1 1]
20161213,19.67,19.98,19.65,19.76,12880400,[1 1]
20161214,19.78,20.0,19.68,20.0,41936100,[0 0]
20161215,20.15,20.16,19.6,20.09,33687200,[0 1]
20161216,20.1,21.0,20.1,20.57,23981800,[0 1]
20161219,20.47,20.47,19.56,19.7,48867800,[1 1]
20161220,19.75,19.75,19.4,19.6,45447600,[1 1]
20161221,19.68,19.68,19.28,19.58,30691200,[0 0]
20161222,19.5,19.69,19.15,19.26,67885000,[1 1]
20161223,19.35,19.42,18.9,18.97,83276400,[0 1]
20161226,19.01,19.4,19.01,19.4,59331900,[0 1]
20161227,19.18,19.32,18.93,19.2,125928200,[1 0]
20161228,19.2,19.4,19.05,19.2,81383400,[0 0]
20161229,19.3,19.54,19.0,19.08,315242500,[1 0]
20170102,19.13,19.25,19.02,19.1,18587800,[1 0]
20170103,19.7,20.0,19.58,19.95,82148100,[0 1]
20170104,19.87,20.0,19.86,19.87,15527400,[0 0]
20170105,19.95,20.24,19.93,19.94,66359600,[0 0]
20170106,19.91,20.23,19.85,19.9,57583900,[0 1]
20170109,19.92,20.0,19.9,19.92,67448600,[0 1]
20170110,19.9,20.19,19.9,19.91,100051300,[1 1]
20170111,20.19,20.6,19.83,20.56,88760700,[1 1]
20170112,20.86,21.79,20.86,21.49,66063700,[1 1]
20170113,21.33,21.51,21.25,21.34,32057200,[0 1]
20170116,21.34,21.49,21.34,21.49,4073600,[0 1]
20170117,21.48,22.24,21.48,21.87,87611200,[0 1]
20170118,22.21,22.21,21.67,21.67,19491100,[1 1]
20170119,21.7,21.91,20.62,21.67,78500400,[1 0]
20170120,21.96,21.97,21.41,21.77,64368700,[0 1]
20170123,21.7,22.0,21.0,22.0,37819500,[0 0]
20170124,21.45,22.05,21.45,21.91,19313200,[0 1]
20170126,21.95,22.35,21.52,22.12,66663300,[0 0]
20170127,22.12,22.59,22.12,22.59,14097000,[1 1]
20170130,22.61,22.61,21.75,22.19,47252100,[0 1]
20170131,22.16,22.9,21.8,22.73,53913100,[1 0]
20170201,22.98,22.98,22.5,22.7,42556700,[0 0]
20170202,22.89,23.33,22.86,23.31,64159600,[0 1]
20170203,22.76,23.99,22.76,23.7,64214600,[1 0]
20170206,23.24,23.96,23.01,23.01,98543200,[0 1]
20170207,23.2,23.65,23.2,23.5,27227800,[1 0]
20170208,23.65,23.7,23.12,23.51,56213300,[1 0]
20170209,23.67,23.79,23.18,23.54,172701700,[1 1]
20170210,23.5,23.75,23.36,23.54,135203400,[1 0]
20170213,23.77,24.0,23.65,24.0,166652200,[0 1]
20170214,24.35,24.9,23.45,23.73,130228500,[1 1]
20170215,24.32,24.49,23.9,24.0,55315500,[1 1]
20170216,24.01,25.2,24.01,24.75,75017400,[1 1]
20170217,25.19,25.19,24.5,24.7,15508000,[1 0]
20170220,25.13,25.15,24.2,24.88,33849100,[0 1]
20170221,25.14,25.7,25.14,25.6,308590700,[1 1]
20170222,25.6,26.19,25.4,26.0,168072000,[0 0]
20170223,26.1,26.7,26.01,26.4,545872400,[1 1]
20170224,26.48,26.48,25.54,25.67,332999700,[1 0]
20170301,25.55,26.18,25.54,26.18,47953200,[1 0]
20170302,25.71,26.03,25.35,25.99,208879800,[0 1]
20170303,25.99,27.99,25.71,27.45,740371600,[1 0]
20170306,27.95,28.48,27.67,28.2,235556500,[1 1]
20170307,28.5,28.5,28.3,28.46,58265100,[1 0]
20170308,28.45,28.79,27.52,27.52,63626500,[1 1]
20170309,27.52,27.52,25.75,25.89,263095700,[1 1]
20170310,25.89,26.3,25.61,25.92,872432900,[0 1]
20170313,26.39,26.81,26.0,26.5,96705100,[0 0]
20170314,26.23,26.3,25.8,26.3,65997700,[1 0]
20170315,26.14,26.24,25.86,26.24,116833600,[0 0]
20170316,26.36,26.58,26.2,26.2,72674200,[1 1]
20170317,26.4,26.4,25.4,26.0,120718100,[0 0]
20170320,25.42,25.46,25.15,25.35,77553900,[0 1]
20170321,25.95,25.95,24.91,25.25,36431200,[1 1]
20170322,25.18,25.19,24.51,24.71,55109400,[1 0]
20170323,25.29,25.59,25.12,25.59,21996300,[0 1]
20170324,25.24,25.71,24.73,24.94,43681500,[1 0]
20170327,24.84,24.84,24.24,24.8,40753300,[1 1]
20170328,24.6,25.61,24.6,25.61,100110500,[0 1]
20170329,25.21,25.54,24.92,25.54,47376100,[0 0]
20170330,25.51,25.51,24.8,24.85,95636600,[0 0]
20170331,24.8,25.88,24.59,25.88,70659000,[0 1]
20170403,25.55,25.55,24.94,25.25,104321000,[0 1]
20170404,25.19,25.2,24.88,25.08,32272500,[1 0]
20170405,24.89,25.0,24.65,24.8,24798600,[1 1]
20170406,24.59,24.8,24.31,24.6,50816800,[0 0]
20170407,24.8,24.99,24.36,24.99,74823700,[1 0]
20170410,24.5,24.77,24.25,24.3,58369700,[1 1]
20170411,24.29,24.84,24.04,24.84,164215700,[0 0]
20170412,24.31,24.45,23.95,23.97,100943500,[0 1]
20170413,24.05,24.17,23.75,23.99,37407900,[1 0]
20170417,23.99,24.25,23.99,24.25,51994100,[1 1]
20170418,24.1,24.15,23.92,24.0,42051300,[1 0]
20170419,24.27,24.3,23.7,24.1,90859400,[0 1]
20170420,23.91,23.95,23.36,23.9,163616000,[0 0]
20170424,24.1,24.1,23.56,24.0,53911900,[1 0]
20170425,23.98,24.29,23.92,24.05,66861500,[1 0]
20170426,24.01,24.07,23.86,24.05,41779300,[0 0]
20170427,24.09,24.59,22.85,23.2,171580200,[0 1]
20170428,23.19,23.58,22.9,23.35,103217500,[0 1]
20170512,22.5,23.11,22.38,23.0,105517100,[1 0]
20170515,23.6,23.6,22.61,23.15,137556900,[1 1]
20170516,23.7,24.0,23.11,24.0,208028100,[1 1]
20170517,23.83,23.9,23.21,23.9,169592300,[0 0]
20170518,21.0,22.19,21.0,21.2,230146400,[1 1]
20170519,21.64,22.3,21.45,22.3,157666800,[0 0]
20170522,22.3,22.3,20.8,21.44,403784600,[1 1]
20170523,21.5,22.0,21.2,22.0,270986200,[1 0]
20170524,22.19,22.8,22.05,22.8,391127700,[1 1]
20170525,22.8,22.8,21.9,22.29,645236400,[0 0]
20170526,22.45,22.45,21.94,22.16,403063400,[1 1]
20170529,22.0,22.16,21.88,22.08,969371800,[0 1]
20170530,22.07,22.78,22.07,22.4,751557100,[0 0]
20170531,22.43,22.53,22.16,22.25,173975500,[0 0]
20170601,22.27,22.37,21.96,22.2,198074500,[0 0]
20170602,22.2,22.2,21.83,22.0,206427300,[0 1]
20170605,22.1,22.1,21.5,21.75,112709700,[0 0]
20170606,21.7,22.08,21.7,21.9,159334100,[0 1]
20170607,22.0,22.15,21.97,21.99,233486000,[1 1]
20170608,21.5,21.5,19.79,20.32,1620837400,[0 1]
20170609,20.33,20.55,19.81,19.81,393478500,[0 1]
20170612,19.97,20.05,19.5,19.5,200606600,[0 1]
20170613,19.7,19.7,19.35,19.45,64263300,[0 0]
20170614,19.6,19.6,19.33,19.36,69263500,[1 0]
20170616,19.31,19.58,19.19,19.58,152996100,[1 0]
20170619,19.58,19.58,19.27,19.3,99251300,[1 0]
20170620,19.31,19.31,18.1,18.4,466393600,[1 1]
20170621,18.33,18.48,18.22,18.33,62264300,[1 1]
20170622,18.58,18.69,18.3,18.4,671898700,[1 0]
20170623,18.41,18.6,18.12,18.6,343015400,[1 0]
20170626,18.69,19.1,18.66,18.98,94631000,[0 0]
20170627,18.79,18.99,18.71,18.99,83063200,[1 1]
20170628,19.0,19.33,18.81,18.81,72891200,[1 0]
20170629,18.81,19.16,18.71,18.94,67768800,[1 0]
20170630,19.14,19.22,18.9,19.0,158205600,[0 0]
20170703,19.08,19.29,19.05,19.09,27207800,[0 0]
20170704,19.2,19.22,19.03,19.15,49489800,[1 1]
20170705,19.2,19.2,18.88,19.1,52407900,[0 0]
20170706,19.24,19.85,19.2,19.7,109552700,[1 0]
20170707,19.9,19.95,19.6,19.75,140300800,[1 1]
20170710,19.87,21.0,19.76,21.0,325142700,[0 0]
20170711,21.07,21.07,20.22,20.7,335771200,[0 1]
20170712,20.89,20.95,20.52,20.85,98836100,[1 1]
20170713,20.91,20.95,20.48,20.58,211723200,[1 1]
20170714,20.63,20.83,20.49,20.83,114916400,[1 0]
20170717,20.83,21.09,20.73,21.09,112781200,[1 0]
20170718,20.95,21.3,20.93,21.28,52402000,[0 0]
20170719,21.3,21.35,21.12,21.19,60285800,[0 1]
20170720,21.18,21.43,21.18,21.36,58491500,[1 1]
20170721,21.2,21.28,20.89,21.05,123562800,[1 1]
20170724,21.18,21.22,20.75,21.02,107019000,[1 1]
20170725,21.14,21.4,21.11,21.4,41600700,[1 0]
20170726,21.36,21.44,21.17,21.21,41310800,[1 0]
20170727,21.31,21.37,20.9,21.2,39052200,[0 0]
20170728,21.11,21.2,20.78,21.2,163904100,[0 0]
20170731,21.08,21.28,21.04,21.2,60570100,[0 0]
20170801,21.06,21.23,20.94,21.2,84593200,[0 0]
20170802,21.28,21.64,21.21,21.59,40421000,[0 1]
20170803,21.46,21.46,21.02,21.02,59576100,[1 1]
20170804,21.23,21.57,21.06,21.39,142411700,[0 1]
20170807,21.4,21.98,21.4,21.8,42230100,[0 1]
20170808,21.8,21.8,21.52,21.67,33560600,[0 1]
20170809,21.51,21.53,21.3,21.4,33563200,[0 0]
20170810,21.23,21.49,21.1,21.39,50974400,[1 1]
20170811,20.91,22.2,20.91,22.2,421123100,[1 1]
20170814,22.2,23.47,22.19,23.47,749342600,[0 1]
20170815,23.12,23.25,22.85,22.85,83433400,[0 0]
20170816,22.39,23.32,22.39,23.21,81442100,[0 0]
20170817,23.3,23.4,22.94,23.0,67277700,[0 0]
20170818,23.0,23.53,23.0,23.4,127276300,[0 0]
20170821,23.39,23.86,23.33,23.73,56812800,[1 1]
20170822,24.3,24.46,24.1,24.35,157141700,[1 1]
20170823,24.54,24.54,23.81,24.25,52652800,[1 0]
20170824,24.25,24.42,24.17,24.23,72113500,[1 0]
20170825,24.08,24.09,23.88,23.92,93465500,[1 1]
20170828,23.89,23.89,23.32,23.74,122936600,[0 0]
20170829,23.32,23.7,23.32,23.5,55695600,[0 1]
20170830,23.41,23.41,22.84,23.23,105394200,[1 1]
20170831,23.16,23.21,22.62,22.72,82099900,[1 1]
20170901,22.8,23.14,22.8,23.0,45493300,[0 1]
20170904,22.97,23.3,22.97,23.22,42847600,[1 1]
20170905,23.48,23.5,22.88,23.05,53519700,[0 0]
20170906,23.04,23.4,23.04,23.1,28830800,[1 0]
20170908,23.2,23.34,22.94,23.22,27553300,[1 0]
20170911,23.22,23.7,23.22,23.69,33499100,[1 0]
20170912,23.65,24.28,23.59,24.28,41990000,[0 1]
20170913,24.21,24.44,23.97,24.44,75930500,[0 0]
20170914,24.2,24.8,24.09,24.33,121876900,[1 1]
20170915,24.34,24.34,24.0,24.25,218830900,[0 0]
20170918,24.24,24.3,24.0,24.2,131228000,[1 0]
20170919,24.3,24.73,23.62,23.83,59309900,[0 1]
20170920,23.68,24.2,23.58,23.6,107804100,[0 1]
20170921,23.81,23.86,23.39,23.59,43096600,[0 0]
20170922,23.67,23.97,23.61,23.9,81037800,[1 0]
20170925,24.14,24.15,23.24,23.48,102715500,[0 0]
20170926,23.53,23.75,23.29,23.29,111544500,[1 0]
20170927,23.58,23.69,22.21,23.09,378395500,[1 0]
20170928,22.99,23.3,22.76,23.3,532197800,[0 1]
20170929,23.3,23.5,22.99,23.3,54902700,[0 0]
20171002,23.29,23.78,23.28,23.78,35844200,[0 0]
20171003,23.48,24.15,23.48,24.1,92696700,[1 0]
20171004,23.88,24.04,23.76,23.95,53308000,[1 0]
20171005,24.09,24.49,23.91,24.2,71362500,[0 0]
20171006,24.44,24.44,23.65,24.0,56331500,[1 1]
20171009,24.09,24.47,23.61,23.8,67985200,[0 0]
20171010,23.81,24.2,23.6,24.2,45870300,[1 1]
20171011,23.82,24.18,23.82,24.1,42549300,[1 1]
20171013,24.14,24.15,23.42,23.84,223723900,[1 1]
20171016,23.77,23.86,23.47,23.73,56535100,[1 0]
20171017,23.35,23.53,22.65,23.2,376252500,[1 1]
20171018,23.34,23.34,22.71,23.0,349148900,[0 1]
20171019,22.97,23.43,22.48,23.43,227255600,[1 0]
20171020,23.3,23.97,23.16,23.97,937897700,[1 1]
20171023,23.67,23.68,22.7,23.36,472859900,[1 1]
20171024,23.06,23.1,22.66,22.93,350257100,[0 1]
20171025,23.0,23.29,22.42,22.56,274968700,[0 1]
20171026,22.56,22.81,22.52,22.59,88306500,[0 0]
20171027,22.61,22.72,22.4,22.4,88795200,[1 0]
20171030,22.28,22.41,21.93,21.98,196591900,[1 0]
20171031,21.93,21.93,21.24,21.48,143032700,[0 1]
20171101,21.47,21.61,21.0,21.14,185475300,[1 0]
20171103,21.21,21.28,20.98,21.2,45014100,[1 0]
20171106,21.41,21.41,20.82,20.87,126614800,[0 1]
20171107,20.74,20.74,19.92,20.1,264365800,[1 0]
20171108,20.1,20.59,20.04,20.59,56457300,[1 0]
20171109,20.19,20.42,20.04,20.33,30797900,[0 1]
20171110,20.2,20.7,20.19,20.49,74809900,[1 1]
20171113,20.26,20.41,19.95,20.2,79332200,[0 1]
20171114,20.39,20.39,19.61,19.61,93704800,[1 1]
20171116,19.53,20.25,19.5,20.06,113425600,[1 0]
20171117,20.29,20.29,19.71,19.8,56939400,[0 1]
20171121,20.1,20.2,19.71,19.9,77935000,[1 1]
20171122,19.98,20.77,19.98,20.68,100416200,[1 1]
20171123,20.83,21.9,20.65,21.47,110743400,[0 1]
20171124,21.57,21.6,20.73,20.9,123999800,[1 1]
20171127,20.9,21.03,20.07,20.13,102293000,[0 0]
20171128,20.5,20.5,20.1,20.3,100966500,[0 0]
20171129,20.35,20.35,20.02,20.2,45798100,[1 0]
20171130,20.59,20.89,19.29,19.75,238527200,[0 0]
20171201,19.77,20.17,19.58,19.9,98336900,[0 1]
20171204,19.9,20.05,19.65,19.99,42428900,[0 0]
20171205,20.03,20.28,19.54,19.6,65412200,[0 1]
20171206,19.7,19.71,19.35,19.39,120782100,[0 1]
20171207,19.31,19.49,19.07,19.38,47497100,[0 0]
20171208,19.5,19.97,19.5,19.56,165633300,[0 1]
20171211,19.55,19.9,19.41,19.55,144663200,[0 1]
20171212,19.52,19.68,19.21,19.6,196065100,[1 0]
20171213,19.8,20.17,19.55,19.8,171052800,[1 1]
20171214,20.08,20.08,19.41,19.46,71107700,[1 1]
20171215,19.5,20.06,19.49,19.8,104190100,[1 0]
20171218,20.0,20.04,19.79,19.8,128228000,[1 0]
20171219,19.81,19.81,19.31,19.31,126724600,[0 1]
20171220,19.5,19.9,19.47,19.9,234876100,[1 1]
20171221,20.0,20.55,19.95,20.55,97998900,[0 0]
20171222,20.55,20.88,20.33,20.67,157779100,[1 0]
20171226,20.94,21.15,20.83,21.05,113001000,[1 0]
20171227,21.2,21.28,21.05,21.2,115931800,[0 0]
20171228,21.22,21.45,21.19,21.4,160420100,[1 1]
20180112,20.63,20.7,20.47,20.7,112630000,[1 1]
20180115,20.76,20.79,20.5,20.65,27459800,[1 1]
20180116,20.6,20.81,20.46,20.7,185593300,[1 0]
20180117,20.7,20.7,20.17,20.29,312619300,[0 1]
20180118,20.39,20.45,20.17,20.19,104788500,[0 0]
20180119,20.19,20.5,20.19,20.49,75655100,[0 0]
20180122,20.5,20.7,20.31,20.38,94851100,[0 1]
20180123,20.65,20.65,20.19,20.52,54924200,[1 1]
20180124,20.62,21.1,20.62,21.1,122445400,[1 1]
20180126,21.12,21.5,21.11,21.5,275071600,[1 0]
20180129,21.5,21.8,21.15,21.8,78038700,[1 1]
20180130,21.8,21.8,21.37,21.74,68871000,[1 0]
20180131,21.9,21.98,21.66,21.71,160874000,[1 0]
20180201,21.55,22.0,21.41,21.85,73152000,[0 1]
20180202,21.81,21.81,21.34,21.65,98585800,[0 1]
20180205,21.5,21.5,20.89,20.89,154041300,[1 0]
20180206,20.83,21.22,20.3,21.22,214687000,[1 1]
20180207,21.23,21.23,20.87,20.97,204049500,[1 1]
20180208,20.94,20.99,20.64,20.8,91327100,[1 0]
20180209,20.8,20.8,20.53,20.78,135329000,[0 1]
20180214,21.04,21.7,21.04,21.7,91311200,[1 1]
20180215,21.75,21.98,21.43,21.5,146873600,[0 1]
20180216,21.5,21.62,21.39,21.45,85209900,[1 1]
20180219,21.45,21.82,21.45,21.8,33905400,[1 0]
20180220,21.8,22.0,21.51,22.0,86007700,[1 1]
20180221,22.05,22.2,21.83,22.1,80729600,[0 1]
20180222,22.1,22.1,21.94,22.0,122109200,[0 1]
20180223,22.05,23.01,22.02,23.01,212296600,[1 0]
20180226,23.05,23.6,23.05,23.59,455173400,[1 0]
20180227,23.59,23.59,22.84,23.05,286430000,[0 0]
20180228,23.05,23.21,22.66,22.9,178813300,[1 1]
20180301,22.9,23.0,22.75,22.88,106979500,[0 1]
20180302,22.88,23.05,22.43,23.0,261636200,[1 0]
20180305,22.74,22.99,22.7,22.96,114591000,[0 1]
20180306,23.0,23.1,22.31,22.4,200046600,[1 1]
20180307,22.4,22.51,22.12,22.4,86329800,[0 1]
20180308,22.59,22.86,22.35,22.8,122800900,[0 0]
20180309,22.67,23.14,22.67,23.0,89746300,[1 0]
20180312,23.13,23.7,23.13,23.45,101187700,[1 1]
20180313,23.7,23.91,23.48,23.48,97089600,[0 0]
20180314,23.53,23.6,23.35,23.6,46912200,[0 0]
20180315,23.66,23.7,23.41,23.44,62767800,[0 0]
20180316,23.88,23.9,22.98,23.7,1061399800,[1 1]
20180319,23.72,23.97,23.4,23.85,163167700,[0 1]
20180320,23.97,23.97,23.61,23.8,122504900,[1 0]
20180321,23.88,24.0,23.7,24.0,261548900,[1 0]
20180322,24.0,24.2,23.7,23.7,146348300,[0 0]
20180323,23.7,23.87,23.37,23.44,117026600,[0 1]
20180326,23.57,23.89,23.45,23.89,97321300,[1 0]
20180327,23.89,24.02,23.43,23.43,123832100,[1 1]
20180328,23.5,23.5,22.65,23.29,335845900,[0 1]
20180329,23.29,23.29,22.95,23.03,162369300,[1 1]
20180402,23.01,23.16,22.81,22.97,134743900,[0 1]
20180403,23.17,23.17,22.84,22.95,90581600,[1 0]
20180404,22.8,23.0,22.65,22.85,78026800,[0 0]
20180405,23.15,23.57,23.11,23.25,175792000,[1 0]
20180406,23.09,23.48,22.99,23.02,132824800,[0 1]
20180409,23.19,23.2,22.3,22.4,131467300,[1 1]
20180410,22.49,22.65,22.15,22.65,125740900,[0 1]
20180411,22.74,23.1,22.5,23.1,136225300,[1 1]
20180412,23.65,23.65,22.85,23.1,136835700,[0 0]
20180413,23.58,23.6,22.05,22.2,449280000,[0 0]
20180416,22.15,22.19,21.44,21.8,156558900,[0 1]
20180417,21.8,22.29,21.53,22.25,132886000,[0 0]
20180418,22.29,22.5,22.03,22.03,128454600,[1 0]
20180419,22.34,22.4,21.9,22.4,82540900,[1 1]
20180420,22.5,22.5,22.06,22.12,103888500,[0 1]
20180423,22.14,22.3,21.8,22.3,123705600,[1 1]
20180424,22.3,22.48,22.06,22.08,112556100,[1 1]
20180425,22.18,22.18,21.85,22.15,102385800,[1 0]
20180426,22.38,22.88,22.13,22.71,147691500,[1 1]
20180427,23.12,23.27,22.73,22.85,101974300,[0 0]
20180430,22.85,23.13,22.55,22.86,68839900,[1 1]
20180502,22.78,22.78,22.26,22.42,105284000,[1 0]
20180503,22.54,22.54,21.93,22.46,105647500,[1 0]
20180504,22.45,22.93,21.99,22.8,161070000,[1 0]
20180507,22.98,22.98,22.13,22.13,113795300,[1 0]
20180508,22.33,22.33,21.8,21.88,100030400,[0 0]
20180509,21.97,21.99,21.65,21.9,108883900,[0 1]
20180510,21.9,22.34,21.9,22.34,92487700,[0 0]
20180511,22.47,22.5,21.97,22.1,67036900,[1 1]
20180514,22.18,22.3,21.44,21.6,125980500,[0 0]
20180515,21.44,21.44,20.67,20.75,156907200,[1 1]
20180516,20.67,21.45,20.55,21.44,149811100,[1 0]
20180517,21.39,21.47,20.8,21.0,150571100,[1 1]
